frequency,psd_data
0.1998001998001998,7.188489088609925e-11
0.3996003996003996,8.520240473898771e-12
0.5994005994005994,2.4427954791631284e-12
0.7992007992007992,6.866556216971011e-13
0.999000999000999,7.079296030254983e-13
1.1988011988011988,1.02502526507125e-11
1.3986013986013988,3.69228273762602e-11
1.5984015984015985,1.0683684429954237e-11
1.7982017982017982,4.066512663028069e-11
1.998001998001998,2.8755443658345536e-11
2.197802197802198,4.759984029144276e-11
2.3976023976023977,7.692109224058394e-11
2.5974025974025974,1.7790481857346604e-11
2.7972027972027975,3.6985016598881146e-11
2.997002997002997,1.567267297173075e-11
3.196803196803197,5.47081559129947e-11
3.3966033966033966,5.078342855466274e-11
3.5964035964035963,2.865194890668288e-10
3.7962037962037964,6.468461491399099e-10
3.996003996003996,2.3056983359670125e-10
4.195804195804196,9.920108811562758e-10
4.395604395604396,3.9986339755322823e-10
4.595404595404595,7.642666034715882e-11
4.795204795204795,7.797121536744233e-11
4.9950049950049955,1.2759403743135422e-11
5.194805194805195,2.3512992858177548e-11
5.394605394605395,5.500010640069737e-12
5.594405594405595,7.612906737255965e-12
5.794205794205794,3.78258758403012e-12
5.994005994005994,9.013080378631938e-12
6.193806193806194,1.1707306987529479e-11
6.393606393606394,1.0478949199214345e-12
6.593406593406594,1.2164911953137394e-12
6.793206793206793,7.882135507337949e-13
6.993006993006993,4.863360031677693e-12
7.192807192807193,2.9462583866128313e-12
7.392607392607393,1.7092690504305034e-12
7.592407592407593,2.5270764922142685e-12
7.792207792207792,1.6851327948094985e-12
7.992007992007992,6.328438260561814e-12
8.191808191808192,1.74004850361698e-12
8.391608391608392,3.0159893881135596e-13
8.591408591408591,2.208170529495441e-13
8.791208791208792,1.310672990324018e-12
8.991008991008991,2.429209492412481e-12
9.19080919080919,1.109272662526285e-12
9.390609390609391,4.128761305750605e-12
9.59040959040959,2.6942955820000343e-12
9.79020979020979,2.8573415598389336e-11
9.990009990009991,2.483139763082513e-11
10.18981018981019,4.708524810516996e-12
10.38961038961039,8.607040228947567e-12
10.58941058941059,6.234830519806158e-12
10.78921078921079,3.377115464182171e-11
10.989010989010989,1.374293033367432e-11
11.18881118881119,4.488869288774678e-12
11.38861138861139,4.42912215179391e-12
11.588411588411589,8.771169724970123e-13
11.788211788211788,1.8865672078603748e-12
11.988011988011989,3.1034841465143107e-13
12.187812187812188,1.7560003942883956e-13
12.387612387612387,1.2638425400022292e-13
12.587412587412588,1.6527408590650002e-12
12.787212787212788,2.0463221466555562e-12
12.987012987012987,4.79007603882696e-13
13.186813186813188,1.2190593393840419e-12
13.386613386613387,3.7375171940269264e-13
13.586413586413586,1.20530317619697e-12
13.786213786213787,7.310070224469846e-13
13.986013986013987,1.056510630123489e-12
14.185814185814186,1.5626104366528639e-12
14.385614385614385,4.834956236487314e-13
14.585414585414586,1.4226631462545556e-12
14.785214785214785,4.072564392545732e-13
14.985014985014985,7.014843744817396e-13
15.184815184815186,4.857067509916949e-13
15.384615384615385,2.215363746548261e-13
15.584415584415584,3.6054985448741487e-13
15.784215784215785,1.0520131933262327e-13
15.984015984015985,3.054221659942576e-13
16.183816183816184,9.734185496959512e-14
16.383616383616385,3.604897584054068e-14
16.583416583416582,3.1505252118754546e-14
16.783216783216783,6.219408172730552e-14
16.983016983016984,1.2599630098852655e-13
17.182817182817182,3.6510213598418485e-14
17.382617382617383,1.3977389607831798e-13
17.582417582417584,5.200600091239969e-14
17.78221778221778,2.3558057942761858e-14
17.982017982017982,2.365879284454829e-14
18.181818181818183,1.1364394744117126e-14
18.38161838161838,2.4781418502821695e-14
18.581418581418582,5.08661979957016e-15
18.781218781218783,7.752088664168486e-15
18.98101898101898,4.034526168459369e-15
19.18081918081918,1.0394338979442654e-14
19.380619380619382,1.2595989357988211e-14
19.58041958041958,1.1911507148626375e-15
19.78021978021978,6.882102744010039e-16
19.980019980019982,2.2641586083997775e-15
20.17982017982018,1.6967135517162026e-14
20.37962037962038,9.559581222924858e-15
20.57942057942058,3.014308796511798e-15
20.77922077922078,3.736893588359187e-15
20.97902097902098,6.9310781768504596e-15
21.17882117882118,2.5019028952745482e-14
21.37862137862138,5.9357720319609665e-15
21.57842157842158,1.40621172937172e-15
21.77822177822178,9.582217995132039e-16
21.978021978021978,1.793435119360743e-15
22.17782217782218,2.830225629416941e-15
22.37762237762238,1.0743640405621323e-15
22.577422577422578,2.6504822424042927e-15
22.77722277722278,1.1622399552261729e-15
22.977022977022976,4.763464364345973e-15
23.176823176823177,3.897950887915966e-15
23.376623376623378,3.0527306611251847e-15
23.576423576423576,5.230705146376714e-15
23.776223776223777,9.82297275931252e-16
23.976023976023978,2.5069373992147337e-15
24.175824175824175,1.0682550067399454e-15
24.375624375624376,1.3643452323252484e-15
24.575424575424577,1.2236027908777053e-15
24.775224775224775,5.191245146921249e-16
24.975024975024976,1.1306737878812648e-15
25.174825174825177,2.0633723336796501e-16
25.374625374625374,1.246255142799466e-16
25.574425574425575,7.928737767562208e-17
25.774225774225776,2.355839491551121e-16
25.974025974025974,2.514085784344579e-16
26.173826173826175,3.062428981070976e-16
26.373626373626376,7.598279372646269e-16
26.573426573426573,1.778786707799819e-16
26.773226773226774,4.496741277837536e-16
26.973026973026975,2.3231435215000907e-16
27.172827172827173,2.7173242899489545e-16
27.372627372627374,3.4091822805354956e-16
27.572427572427575,5.537244320908259e-17
27.772227772227772,1.4202526344894837e-16
27.972027972027973,3.5700952709722506e-17
28.171828171828174,5.680639778171108e-17
28.371628371628372,3.6511696858347254e-17
28.571428571428573,2.6199043971063147e-17
28.77122877122877,3.587652957052497e-17
28.97102897102897,3.5226297810692716e-17
29.170829170829172,1.0942500325268043e-16
29.37062937062937,3.2710834677859525e-17
29.57042957042957,2.844925014263646e-17
29.770229770229772,2.6471838137074478e-17
29.97002997002997,4.332635597810092e-17
30.16983016983017,6.679724411753981e-17
30.36963036963037,1.8749946444357482e-17
30.56943056943057,3.093840880332258e-17
30.76923076923077,3.145115317717757e-17
30.96903096903097,1.9518695908000362e-16
31.16883116883117,1.6421381913001275e-16
31.36863136863137,8.353217637832214e-17
31.56843156843157,1.7788877871627488e-16
31.768231768231768,6.365831185796553e-17
31.96803196803197,1.7078462527951392e-16
32.16783216783217,7.1940539859357e-17
32.36763236763237,9.949854516459677e-17
32.56743256743257,9.663465913893168e-17
32.76723276723277,1.3433310645049156e-17
32.96703296703297,1.6834014500160812e-17
33.166833166833165,1.546807090959038e-17
33.366633366633366,2.7244954000905126e-17
33.56643356643357,2.1643485838042448e-17
33.76623376623377,5.808770549378743e-17
33.96603396603397,5.958381253386547e-17
34.16583416583417,4.246811047779468e-17
34.365634365634364,1.1025178969354353e-16
34.565434565434565,5.007101582808524e-17
34.765234765234766,1.673328679702616e-16
34.96503496503497,1.0440197708143925e-16
35.16483516483517,2.1580224121897865e-16
35.36463536463537,3.0204302378778843e-16
35.56443556443556,5.1471062830927656e-17
35.764235764235764,1.3379850893637968e-16
35.964035964035965,4.177566870230165e-17
36.163836163836166,2.574496339844559e-16
36.36363636363637,1.6753283340907405e-16
36.56343656343657,9.340866225604343e-17
36.76323676323676,1.4893360253095246e-16
36.96303696303696,8.059905951893952e-17
37.162837162837164,1.738132866452705e-16
37.362637362637365,6.615576344148681e-17
37.562437562437566,1.1136559736249822e-16
37.76223776223777,8.4092061770134e-17
37.96203796203796,1.6343367876413752e-17
38.16183816183816,2.019551908505344e-17
38.36163836163836,2.0992016876361673e-17
38.561438561438564,6.050283121012142e-17
38.761238761238765,2.8104977347672975e-17
38.96103896103896,1.3137130621883426e-17
39.16083916083916,1.590526176527384e-17
39.36063936063936,1.0972141067553252e-17
39.56043956043956,1.7484093866252748e-17
39.76023976023976,9.215676034276554e-18
39.960039960039964,1.7592571613387114e-17
40.15984015984016,1.5086741115935493e-17
40.35964035964036,2.1776750061215146e-17
40.55944055944056,2.076402799265619e-17
40.75924075924076,1.0634528902974039e-17
40.95904095904096,2.098179622820459e-17
41.15884115884116,1.245702477876671e-17
41.35864135864136,1.1094838865782156e-17
41.55844155844156,1.0615663151956545e-17
41.75824175824176,5.5288801027316283e-17
41.95804195804196,7.071952983358699e-17
42.15784215784216,1.708434277612855e-17
42.35764235764236,2.6805270312288073e-17
42.557442557442556,1.0886239956165766e-17
42.75724275724276,1.7120683118605273e-17
42.95704295704296,1.4243413970257354e-17
43.15684315684316,1.6550363079013694e-17
43.35664335664336,2.1359772566278523e-17
43.55644355644356,1.0761228235235545e-17
43.756243756243755,2.932875603233993e-17
43.956043956043956,1.1126749224145907e-17
44.15584415584416,1.1106876271891454e-17
44.35564435564436,9.372687513940565e-18
44.55544455544456,1.5061685357078117e-17
44.75524475524476,2.791416227375745e-17
44.955044955044954,6.186611908767865e-18
45.154845154845155,4.364840846410071e-18
45.354645354645356,2.7262399925236443e-18
45.55444555444556,1.2694104119828867e-18
45.75424575424576,1.4059793635220343e-18
45.95404595404595,1.6764887785445444e-18
46.15384615384615,1.3971123714560547e-18
46.353646353646354,1.1908558387792953e-18
46.553446553446555,1.217645112392426e-18
46.753246753246756,7.518463666256564e-19
46.95304695304696,8.757114135371711e-19
47.15284715284715,9.91330849365402e-19
47.35264735264735,4.602143216073688e-19
47.55244755244755,4.0120004276513867e-19
47.752247752247754,4.855605856477916e-19
47.952047952047955,5.8584184920371835e-19
48.15184815184816,4.028147652798668e-19
48.35164835164835,1.412724469138592e-18
48.55144855144855,1.8218508280881185e-18
48.75124875124875,8.394964208167218e-19
48.95104895104895,1.1776107892595497e-18
49.150849150849155,8.201699042531665e-19
49.350649350649356,6.727901881261468e-19
49.55044955044955,6.262064211853012e-19
49.75024975024975,8.21007250490948e-19
49.95004995004995,1.2235796996269087e-18
50.14985014985015,1.1022126360097054e-18
50.349650349650354,2.6021603437463122e-18
50.549450549450555,9.187969494574919e-19
50.74925074925075,1.814817635262664e-18
50.94905094905095,1.7336871410577427e-18
51.14885114885115,2.6424692533249227e-18
51.34865134865135,3.0848240507791673e-18
51.54845154845155,2.256113890423281e-18
51.74825174825175,6.5773217943900754e-18
51.94805194805195,4.181172644029944e-18
52.14785214785215,7.718772728972575e-18
52.34765234765235,6.703303099990545e-18
52.54745254745255,4.052279777051957e-18
52.74725274725275,6.112123899926078e-18
52.947052947052946,2.9081009962526883e-18
53.14685314685315,7.183142267985652e-18
53.34665334665335,3.5859214097260296e-18
53.54645354645355,7.353037114971022e-18
53.74625374625375,7.046779195249865e-18
53.94605394605395,3.603323417180859e-18
54.145854145854145,6.617860101849406e-18
54.345654345654346,3.0853857226616773e-18
54.54545454545455,4.445504409740584e-18
54.74525474525475,2.8091880171980792e-18
54.94505494505495,6.651992016563931e-18
55.14485514485515,7.396734632058004e-18
55.344655344655344,1.0859439338307594e-18
55.544455544455545,1.4947505141052093e-18
55.744255744255746,8.059579400360508e-19
55.94405594405595,1.023803826327055e-18
56.14385614385615,7.379133208309684e-19
56.34365634365635,9.580023248608055e-19
56.54345654345654,1.1132857971823889e-18
56.743256743256744,8.651007904519931e-19
56.943056943056945,1.974829415618266e-18
57.142857142857146,1.0589205918371476e-18
57.34265734265735,1.4567982802911337e-18
57.54245754245754,1.0906886968478815e-18
57.74225774225774,9.334839166035992e-19
57.94205794205794,1.1906059009612584e-18
58.141858141858144,5.320288515234005e-19
58.341658341658345,3.866968317057515e-19
58.541458541458546,3.9434040015065113e-19
58.74125874125874,7.959380166539074e-19
58.94105894105894,8.161118169792454e-19
59.14085914085914,9.592938541625424e-19
59.34065934065934,1.2868118873714827e-18
59.540459540459544,4.489378198460962e-19
59.740259740259745,3.8920450431685467e-19
59.94005994005994,2.678393446746483e-19
60.13986013986014,3.9623826002965956e-19
60.33966033966034,4.4574790581304485e-19
60.53946053946054,3.072329727426951e-19
60.73926073926074,3.1098943057763874e-19
60.939060939060944,2.419199747294071e-19
61.13886113886114,2.1682289636016765e-19
61.33866133866134,2.3728103143574275e-19
61.53846153846154,2.0405750569900785e-19
61.73826173826174,1.191791697993771e-19
61.93806193806194,1.2065909673717977e-19
62.13786213786214,1.435456212204192e-19
62.33766233766234,1.1733493066672365e-19
62.53746253746254,2.1771275753627167e-19
62.73726273726274,1.3684262084951635e-19
62.93706293706294,1.936480695413448e-19
63.13686313686314,2.205582499750439e-19
63.33666333666334,1.2428266411251114e-19
63.536463536463536,1.5178588549285886e-19
63.73626373626374,1.0740160363881881e-19
63.93606393606394,1.9988407539938683e-19
64.13586413586414,1.8404764124504204e-19
64.33566433566433,1.7461464513468545e-19
64.53546453546454,2.0194699832922188e-19
64.73526473526474,1.7986885709641937e-19
64.93506493506494,1.0068249400288633e-19
65.13486513486514,9.806180409254146e-20
65.33466533466533,1.293282632821511e-19
65.53446553446554,2.1690108799006187e-19
65.73426573426573,3.397966319453796e-19
65.93406593406594,2.870945101535817e-19
66.13386613386614,3.6023873255767994e-19
66.33366633366633,3.279577213878445e-19
66.53346653346654,3.3827890099465493e-19
66.73326673326673,2.9665034638350163e-19
66.93306693306694,2.9631081719043514e-19
67.13286713286713,3.0284214006770684e-19
67.33266733266734,4.297131765816065e-19
67.53246753246754,2.8556319596983267e-19
67.73226773226773,3.856085019820603e-19
67.93206793206794,4.474250026398047e-19
68.13186813186813,4.507743908196804e-19
68.33166833166834,4.160103787695422e-19
68.53146853146853,3.4721999198508194e-19
68.73126873126873,4.704584301121056e-19
68.93106893106894,5.013923302257466e-19
69.13086913086913,5.96758035191145e-19
69.33066933066934,4.327751235362369e-19
69.53046953046953,4.199623749001312e-19
69.73026973026974,7.131499629053333e-19
69.93006993006993,5.878410816844434e-19
70.12987012987013,6.2325861580091095e-19
70.32967032967034,1.2241276105693246e-18
70.52947052947053,1.2507638668429002e-18
70.72927072927074,8.883976143794848e-19
70.92907092907093,9.732568642323889e-19
71.12887112887113,1.2354946228323996e-18
71.32867132867133,1.3141369028515731e-18
71.52847152847153,1.805178328644449e-18
71.72827172827174,1.0257975509916664e-18
71.92807192807193,1.1536096407211405e-18
72.12787212787212,1.0954172866901414e-18
72.32767232767233,1.4269017987552534e-18
72.52747252747253,1.1879354238989833e-18
72.72727272727273,7.664639321940445e-19
72.92707292707293,8.518163421143748e-19
73.12687312687314,1.0044757790203772e-18
73.32667332667333,1.277154438354997e-18
73.52647352647352,1.243079586262891e-18
73.72627372627373,1.5155138787376872e-18
73.92607392607393,1.9427260712544407e-18
74.12587412587413,1.941556145247684e-18
74.32567432567433,3.4629640630735164e-18
74.52547452547452,2.344198338404863e-18
74.72527472527473,1.643547918325467e-18
74.92507492507492,1.8434467575247674e-18
75.12487512487513,2.446357563317988e-18
75.32467532467533,2.7771555969279333e-18
75.52447552447553,1.7479897949431698e-18
75.72427572427573,2.0515474101705238e-18
75.92407592407592,1.3552077836886759e-18
76.12387612387613,1.1463703567663194e-18
76.32367632367632,1.2102960243585058e-18
76.52347652347653,1.8907111687392007e-18
76.72327672327673,2.656494925810485e-18
76.92307692307692,1.6385564239141012e-18
77.12287712287713,1.6911258187717239e-18
77.32267732267732,1.1186187844705109e-18
77.52247752247753,2.1148900705892013e-18
77.72227772227772,1.504960962566902e-18
77.92207792207792,7.436407963385682e-19
78.12187812187813,9.367292505092451e-19
78.32167832167832,9.448022598510778e-19
78.52147852147853,1.0688813875299207e-18
78.72127872127872,1.205444298001631e-18
78.92107892107893,1.0758828461190437e-18
79.12087912087912,9.12816957570787e-19
79.32067932067932,5.679210816733521e-19
79.52047952047953,1.0262309582586095e-18
79.72027972027972,1.3840073114453508e-18
79.92007992007993,1.767284751361906e-18
80.11988011988012,1.5181622897419612e-18
80.31968031968032,6.893787201940659e-19
80.51948051948052,3.949422342157064e-19
80.71928071928072,5.10672356538499e-19
80.91908091908093,9.329338954945353e-19
81.11888111888112,6.618091301548936e-19
81.31868131868133,3.8658673579671347e-19
81.51848151848152,5.307962842324656e-19
81.71828171828172,6.887640528295391e-19
81.91808191808192,6.831158098318768e-19
82.11788211788212,5.506443094190428e-19
82.31768231768233,5.693668343371146e-19
82.51748251748252,7.076350555299858e-19
82.71728271728271,7.35992287524672e-19
82.91708291708292,7.686841576962656e-19
83.11688311688312,9.657250465315887e-19
83.31668331668332,9.366441267780446e-19
83.51648351648352,1.0179857986724037e-18
83.71628371628371,2.021028409502508e-18
83.91608391608392,1.987919989592811e-18
84.11588411588411,1.50879567188686e-18
84.31568431568432,1.2960666688225883e-18
84.51548451548452,1.8566641920156305e-18
84.71528471528472,2.403292440845072e-18
84.91508491508492,1.6141055597298443e-18
85.11488511488511,3.1045952462587548e-18
85.31468531468532,2.31093639835153e-18
85.51448551448551,1.987477102143508e-18
85.71428571428572,2.0810553870444362e-18
85.91408591408592,3.4451222341729976e-18
86.11388611388611,6.937407653737358e-18
86.31368631368632,2.918068527196242e-18
86.51348651348651,2.087072653386741e-18
86.71328671328672,1.726229954737601e-18
86.91308691308691,2.3356760854957515e-18
87.11288711288712,3.989140199790362e-18
87.31268731268732,1.1057588574173387e-18
87.51248751248751,1.8990261872725083e-18
87.71228771228772,1.6214650755589976e-18
87.91208791208791,9.826521875090477e-19
88.11188811188812,7.449948506897341e-19
88.31168831168831,1.0812062266049414e-18
88.51148851148851,1.2873170625002919e-18
88.71128871128872,1.1830756071682734e-18
88.91108891108891,1.4447975890045065e-18
89.11088911088912,1.2058199218374225e-18
89.31068931068931,1.1928841110488752e-18
89.51048951048952,1.1037739976723307e-18
89.71028971028971,1.063871142897264e-18
89.91008991008991,1.1841382694614812e-18
90.10989010989012,1.00788189363894e-18
90.30969030969031,8.997532000423066e-19
90.50949050949052,6.696026944281608e-19
90.70929070929071,7.956659835835289e-19
90.9090909090909,5.68268692618842e-19
91.10889110889111,4.77936890743863e-19
91.30869130869131,4.954734090922084e-19
91.50849150849152,4.66854260546655e-19
91.70829170829171,7.942899931716343e-19
91.9080919080919,8.039923272857099e-19
92.10789210789211,8.523332057651836e-19
92.3076923076923,5.908941305651904e-19
92.50749250749251,4.438144447816817e-19
92.70729270729271,6.1033342666047135e-19
92.90709290709292,9.76615317116398e-19
93.10689310689311,1.648453594496986e-18
93.3066933066933,1.2066373482073942e-18
93.50649350649351,1.4221355913942984e-18
93.7062937062937,1.7463035446049504e-18
93.90609390609391,1.0788346263537065e-18
94.10589410589411,1.6295351857910416e-18
94.3056943056943,1.35225460064236e-18
94.50549450549451,1.6266240030577355e-18
94.7052947052947,1.5491825324826947e-18
94.90509490509491,1.4533347232553335e-18
95.1048951048951,2.0876782325641266e-18
95.30469530469531,1.6446140116399404e-18
95.50449550449551,1.4158092349496985e-18
95.7042957042957,1.393120762177141e-18
95.90409590409591,1.404937069783081e-18
96.1038961038961,1.1026812412090993e-18
96.30369630369631,1.0921789541170644e-18
96.5034965034965,3.085897084778712e-18
96.7032967032967,2.1129746681973206e-17
96.90309690309691,3.263406985388116e-17
97.1028971028971,6.281471871248664e-18
97.30269730269731,2.058988109421902e-18
97.5024975024975,2.287414905204e-18
97.7022977022977,1.7443875704362263e-18
97.9020979020979,2.59961847361718e-18
98.1018981018981,1.5742037446143135e-18
98.30169830169831,2.4898654100239943e-18
98.5014985014985,2.111263504302993e-18
98.70129870129871,2.568556671392376e-18
98.9010989010989,2.3807416911462487e-18
99.1008991008991,3.099454612804759e-18
99.3006993006993,3.3089000061138544e-18
99.5004995004995,2.3704651732065077e-18
99.70029970029971,3.951006817073221e-18
99.9000999000999,4.806825527287817e-18
100.0999000999001,6.012432620798803e-18
100.2997002997003,5.241597789784337e-18
100.4995004995005,4.048465514319631e-18
100.69930069930071,1.1560759000996004e-17
100.8991008991009,9.560442414477391e-18
101.09890109890111,1.399113361429083e-17
101.2987012987013,1.8721693773830695e-17
101.4985014985015,3.6384402841711644e-17
101.6983016983017,4.485317780371997e-17
101.8981018981019,8.944824876505204e-17
102.09790209790211,2.1984494136176472e-16
102.2977022977023,1.3682051226039258e-16
102.4975024975025,9.68855518372215e-17
102.6973026973027,7.923416880250927e-17
102.8971028971029,8.878424385314606e-17
103.0969030969031,6.041436254535521e-17
103.2967032967033,3.038415195427828e-17
103.4965034965035,2.660598127865979e-17
103.6963036963037,1.8614922308490392e-17
103.8961038961039,1.1835080712485104e-17
104.0959040959041,1.275244141368983e-17
104.2957042957043,1.1692143417305698e-17
104.4955044955045,1.2958963199890894e-17
104.6953046953047,4.918140078417507e-18
104.8951048951049,7.302902937629514e-18
105.0949050949051,8.539751412901747e-18
105.2947052947053,8.464277134013596e-18
105.4945054945055,8.204709746986533e-18
105.6943056943057,8.945592982650012e-18
105.89410589410589,1.0909938405733725e-17
106.0939060939061,6.891748778921438e-18
106.2937062937063,9.48166185335086e-18
106.4935064935065,7.564463270707922e-18
106.6933066933067,9.786470993070319e-18
106.8931068931069,1.1266333436184128e-17
107.0929070929071,5.834215177967355e-18
107.29270729270729,7.132511812107855e-18
107.4925074925075,3.965371271494423e-18
107.6923076923077,5.272939032260308e-18
107.8921078921079,3.8025388064111894e-18
108.0919080919081,1.8415113464028437e-18
108.29170829170829,1.4012249771568304e-18
108.4915084915085,7.568937751395725e-19
108.69130869130869,1.031160728245382e-18
108.8911088911089,8.377294476798525e-19
109.0909090909091,7.716964069251215e-19
109.29070929070929,6.278644875677906e-19
109.4905094905095,1.1984695517183132e-18
109.69030969030969,1.6305757796356263e-18
109.8901098901099,7.097688605981377e-19
110.08991008991009,5.543891475959455e-19
110.2897102897103,5.657431693258708e-19
110.4895104895105,4.851857000690245e-19
110.68931068931069,6.016390232058155e-19
110.8891108891109,5.573050469484633e-19
111.08891108891109,6.9951976082024e-19
111.2887112887113,4.224854474509875e-19
111.48851148851149,2.097453066751367e-19
111.68831168831169,2.4042176615187216e-19
111.8881118881119,4.434805947108184e-19
112.08791208791209,5.572826354123724e-19
112.2877122877123,3.1041795076644184e-19
112.48751248751249,3.2356076424380896e-19
112.6873126873127,4.1628778695240566e-19
112.88711288711289,3.637622699037333e-19
113.08691308691309,1.7958131923146717e-19
113.2867132867133,2.190123962321743e-19
113.48651348651349,2.1712618610481885e-19
113.6863136863137,2.188356736370273e-19
113.88611388611389,1.3593094934491812e-19
114.08591408591408,1.0077535139597799e-19
114.28571428571429,8.432402244460537e-20
114.48551448551449,9.68652126986612e-20
114.6853146853147,1.270846989354749e-19
114.88511488511489,1.3010184069707373e-19
115.08491508491508,1.3025545736852774e-19
115.28471528471529,1.3266897635867813e-19
115.48451548451548,1.0855287627164054e-19
115.68431568431569,9.405795117099426e-20
115.88411588411589,2.1011135101976028e-19
116.0839160839161,3.5565500417182236e-19
116.28371628371629,1.7588641441050605e-19
116.48351648351648,8.987379534309134e-20
116.68331668331669,1.5914422529465762e-19
116.88311688311688,1.380285138324036e-19
117.08291708291709,2.8179194743597634e-19
117.28271728271729,4.030585252451003e-19
117.48251748251748,2.6831267773813727e-19
117.68231768231769,3.7452979677681395e-19
117.88211788211788,3.451083525948622e-19
118.08191808191809,2.230271651599134e-19
118.28171828171828,2.680392809303894e-19
118.48151848151849,3.478732620456402e-19
118.68131868131869,4.1228893254895914e-19
118.88111888111888,7.7978419153053775e-19
119.08091908091909,1.0749285004072049e-18
119.28071928071928,6.01121667907916e-19
119.48051948051949,2.2766197575240716e-18
119.68031968031968,3.900965624260521e-18
119.88011988011988,2.003854929309366e-18
120.07992007992009,1.309786464598353e-18
120.27972027972028,8.864819576029017e-19
120.47952047952049,1.1238984523609236e-18
120.67932067932068,9.111462543417414e-19
120.87912087912089,1.014125494790225e-18
121.07892107892108,9.35502998867057e-19
121.27872127872128,9.585051947961358e-19
121.47852147852149,1.0623034110616263e-18
121.67832167832168,7.054722125242587e-19
121.87812187812189,1.1638033977989857e-18
122.07792207792208,9.560961762921902e-19
122.27772227772228,1.0409996442069547e-18
122.47752247752248,6.780069308960885e-19
122.67732267732268,1.0301738350403446e-18
122.87712287712289,1.4381746572691935e-18
123.07692307692308,6.542048622472471e-19
123.27672327672327,7.913596147229679e-19
123.47652347652348,5.125564468886815e-19
123.67632367632368,6.622373879879131e-19
123.87612387612388,5.820851209781005e-19
124.07592407592408,3.8374890440396724e-19
124.27572427572429,4.376407526685674e-19
124.47552447552448,2.734668081433489e-19
124.67532467532467,3.3596121916713403e-19
124.87512487512488,1.7647035160589207e-19
125.07492507492508,2.261868096565083e-19
125.27472527472528,2.6786964233548266e-19
125.47452547452548,1.9230460134659924e-19
125.67432567432567,3.0011419521197205e-19
125.87412587412588,1.7480000519553162e-19
126.07392607392607,1.6955115902759539e-19
126.27372627372628,1.7201664168796028e-19
126.47352647352648,2.5272459222299683e-19
126.67332667332668,3.0167095593560144e-19
126.87312687312688,1.8213153738435168e-19
127.07292707292707,2.831645172513185e-19
127.27272727272728,3.412947851188483e-19
127.47252747252747,4.420654904193818e-19
127.67232767232768,3.1913661231608104e-19
127.87212787212788,4.668528500202859e-19
128.07192807192808,7.53774280779939e-19
128.27172827172828,8.49307748834645e-19
128.47152847152847,9.886239835623284e-19
128.67132867132867,6.339807082519629e-19
128.8711288711289,1.6728571904988054e-18
129.07092907092908,1.6180562918288935e-18
129.27072927072928,2.008591195155319e-18
129.47052947052947,2.3052093235445265e-18
129.67032967032966,1.8550762642294436e-18
129.8701298701299,3.86517372186299e-18
130.06993006993008,2.6392795877805125e-18
130.26973026973027,3.4544542395467024e-18
130.46953046953047,2.783847515369094e-18
130.66933066933066,4.852190438438165e-18
130.86913086913088,7.950417748078485e-18
131.06893106893108,3.663274034388468e-18
131.26873126873127,5.306481178921127e-18
131.46853146853147,4.006211634167587e-18
131.66833166833166,1.2083827033583218e-17
131.86813186813188,1.0257882961341416e-17
132.06793206793208,1.4565464117868753e-17
132.26773226773227,2.3674615936108316e-17
132.46753246753246,2.1009070453477748e-17
132.66733266733266,2.83706496143035e-17
132.86713286713288,1.0933357645926141e-17
133.06693306693307,4.2589776544094955e-18
133.26673326673327,3.0644052731592273e-18
133.46653346653346,1.6606262408040463e-18
133.66633366633368,1.5934439993592973e-18
133.86613386613388,5.380436809190768e-19
134.06593406593407,4.641363441823366e-19
134.26573426573427,3.03331435709072e-19
134.46553446553446,2.190712467054038e-19
134.66533466533468,1.6843937983445037e-19
134.86513486513488,1.415453023326118e-19
135.06493506493507,1.785538575458897e-19
135.26473526473526,1.0927591092901604e-19
135.46453546453546,1.3486561174875946e-19
135.66433566433568,9.948083784898846e-20
135.86413586413587,9.37348772494328e-20
136.06393606393607,8.911085422235268e-20
136.26373626373626,7.207078087007826e-20
136.46353646353646,1.0296728703045467e-19
136.66333666333668,5.715160355324192e-20
136.86313686313687,4.081572803148761e-20
137.06293706293707,3.673424482709717e-20
137.26273726273726,3.1535731392391007e-20
137.46253746253745,4.031647565775036e-20
137.66233766233768,2.3022550437532835e-20
137.86213786213787,2.970393589142127e-20
138.06193806193806,3.3378787424433946e-20
138.26173826173826,3.4429820941080784e-20
138.46153846153845,2.635915292243473e-20
138.66133866133868,2.201624676567308e-20
138.86113886113887,2.898120484427532e-20
139.06093906093906,5.386557445494163e-20
139.26073926073926,1.1961746437388782e-19
139.46053946053948,5.436483319538153e-20
139.66033966033967,1.470562796481836e-20
139.86013986013987,1.0040618339036053e-20
140.05994005994006,1.38761986998443e-20
140.25974025974025,1.305924853675774e-20
140.45954045954048,1.4641757057871644e-20
140.65934065934067,1.7628820304181206e-20
140.85914085914087,1.6183001189913727e-20
141.05894105894106,1.705531097252124e-20
141.25874125874125,1.5227664558423945e-20
141.45854145854148,1.5862938829029465e-20
141.65834165834167,1.8889093563172478e-20
141.85814185814186,2.0053531690534595e-20
142.05794205794206,1.6539309558727042e-20
142.25774225774225,1.3917039750226325e-20
142.45754245754247,9.750268639337192e-21
142.65734265734267,9.240170146456682e-21
142.85714285714286,7.55893424640813e-21
143.05694305694306,8.069515499163914e-21
143.25674325674325,5.974944768042359e-21
143.45654345654347,5.00106786187056e-21
143.65634365634367,6.074375789174447e-21
143.85614385614386,5.31058150350359e-21
144.05594405594405,7.142101572029431e-21
144.25574425574425,6.6110914745077675e-21
144.45554445554447,6.0788814745530645e-21
144.65534465534466,4.842794241177389e-21
144.85514485514486,6.675236884267328e-21
145.05494505494505,5.704462850730851e-21
145.25474525474527,5.745879336411744e-21
145.45454545454547,5.4017680018911094e-21
145.65434565434566,6.781352085943713e-21
145.85414585414586,7.461426680245011e-21
146.05394605394605,5.564057743131202e-21
146.25374625374627,8.659485862130638e-21
146.45354645354647,7.960861906071448e-21
146.65334665334666,3.431780451614148e-21
146.85314685314685,4.245999239937899e-21
147.05294705294705,3.725977838715958e-21
147.25274725274727,4.884341884360733e-21
147.45254745254746,4.933055196465266e-21
147.65234765234766,5.5419799981373436e-21
147.85214785214785,5.477825891541188e-21
148.05194805194805,7.09250367596115e-21
148.25174825174827,6.023858315890215e-21
148.45154845154846,5.458012670285718e-21
148.65134865134866,5.750512793936526e-21
148.85114885114885,9.366982157395942e-21
149.05094905094904,1.0852593190232045e-20
149.25074925074927,9.782559605793883e-21
149.45054945054946,8.939270890467275e-21
149.65034965034965,9.42816209720652e-21
149.85014985014985,9.042868862706993e-21
150.04995004995004,8.280685899291464e-21
150.24975024975026,9.087804330373365e-21
150.44955044955046,7.763645692487731e-21
150.64935064935065,7.0430750837811e-21
150.84915084915085,9.294776165594838e-21
151.04895104895107,1.0912871426748712e-20
151.24875124875126,8.923422184481644e-21
151.44855144855146,1.0801801229660229e-20
151.64835164835165,1.3018032210169201e-20
151.84815184815184,9.238510097297465e-21
152.04795204795207,5.6617742026762644e-21
152.24775224775226,7.827638747268217e-21
152.44755244755245,7.889257295621202e-21
152.64735264735265,8.126741339044434e-21
152.84715284715284,7.233100304364547e-21
153.04695304695306,4.7711668092175966e-21
153.24675324675326,6.258520914190532e-21
153.44655344655345,8.977338431858165e-21
153.64635364635365,9.645069385384445e-21
153.84615384615384,8.3295792939937e-21
154.04595404595406,7.405118667729785e-21
154.24575424575426,7.923032625457849e-21
154.44555444555445,7.973025521262487e-21
154.64535464535464,5.996361946667311e-21
154.84515484515484,6.331652070335537e-21
155.04495504495506,8.657592227909956e-21
155.24475524475525,8.944204007887786e-21
155.44455544455545,6.161263664251332e-21
155.64435564435564,7.011819958962343e-21
155.84415584415584,5.420654407828994e-21
156.04395604395606,4.1699183906164946e-21
156.24375624375625,3.950549338561538e-21
156.44355644355645,4.678403181643913e-21
156.64335664335664,6.298287439523207e-21
156.84315684315686,4.852947303646703e-21
157.04295704295706,5.849942016823509e-21
157.24275724275725,3.985506443175451e-21
157.44255744255744,4.406344062935385e-21
157.64235764235764,5.0961028528064886e-21
157.84215784215786,3.739176783832082e-21
158.04195804195805,5.106693745043366e-21
158.24175824175825,9.069937358130595e-21
158.44155844155844,1.1684481605630795e-20
158.64135864135864,1.145206408154666e-20
158.84115884115886,6.464175259837035e-21
159.04095904095905,5.434291045107755e-21
159.24075924075925,4.892695550582732e-21
159.44055944055944,5.2857572044482514e-21
159.64035964035963,4.8370197274114705e-21
159.84015984015986,6.470628267737477e-21
160.03996003996005,6.402830060132351e-21
160.23976023976024,5.293311861314567e-21
160.43956043956044,6.580765062465889e-21
160.63936063936063,5.603104722460105e-21
160.83916083916085,6.186609221255412e-21
161.03896103896105,7.11664744021832e-21
161.23876123876124,4.333172052246146e-21
161.43856143856144,6.815303307227745e-21
161.63836163836163,7.375410721741476e-21
161.83816183816185,9.281019154999006e-21
162.03796203796205,9.550562307760745e-21
162.23776223776224,8.693170364998452e-21
162.43756243756243,8.22323787768256e-21
162.63736263736266,6.283588159485769e-21
162.83716283716285,4.803071385098306e-21
163.03696303696304,7.81225818443984e-21
163.23676323676324,9.26215244831506e-21
163.43656343656343,3.733098647509376e-21
163.63636363636365,3.5975433600938725e-21
163.83616383616385,4.677435118618804e-21
164.03596403596404,6.326539449670721e-21
164.23576423576424,5.821582991840958e-21
164.43556443556443,6.4881280603728996e-21
164.63536463536465,9.29842132784561e-21
164.83516483516485,6.963041582544233e-21
165.03496503496504,4.112845887325961e-21
165.23476523476523,4.335900693637975e-21
165.43456543456543,3.552735145323838e-21
165.63436563436565,2.2271605238414925e-20
165.83416583416584,3.943106310389275e-20
166.03396603396604,1.5806962947419686e-20
166.23376623376623,4.371080833269809e-21
166.43356643356643,6.466913876779149e-21
166.63336663336665,7.107104657958912e-21
166.83316683316684,3.492604839287742e-21
167.03296703296704,4.374265690306232e-21
167.23276723276723,4.5219494614061774e-21
167.43256743256742,3.200926501483515e-21
167.63236763236765,5.139050577724132e-21
167.83216783216784,9.558307596332461e-21
168.03196803196803,1.1095526337746718e-20
168.23176823176823,6.604545976950264e-21
168.43156843156845,6.634016154025239e-21
168.63136863136864,8.046246963072218e-21
168.83116883116884,1.010327083169649e-20
169.03096903096903,9.212457191810412e-21
169.23076923076923,1.1524072282504774e-20
169.43056943056945,9.592118081308086e-21
169.63036963036964,5.631953430039015e-21
169.83016983016984,5.970549718207557e-21
170.02997002997003,7.970717328919893e-21
170.22977022977022,7.404028531606363e-21
170.42957042957045,9.560118513233405e-21
170.62937062937064,1.0173035269711434e-20
170.82917082917083,1.0570627877300294e-20
171.02897102897103,9.428749108011601e-21
171.22877122877122,6.897067624302329e-21
171.42857142857144,4.632184859423615e-21
171.62837162837164,5.590495298521731e-21
171.82817182817183,6.039072895647367e-21
172.02797202797203,7.308374869178811e-21
172.22777222777222,6.585518224735529e-21
172.42757242757244,8.485412265142825e-21
172.62737262737264,9.119139884611579e-21
172.82717282717283,6.265402773963039e-21
173.02697302697302,4.526975193873653e-21
173.22677322677322,6.924031663834173e-21
173.42657342657344,5.2392129554089384e-21
173.62637362637363,7.509274174564964e-21
173.82617382617383,6.466052736452723e-21
174.02597402597402,7.039658013626865e-21
174.22577422577424,5.3008083070765414e-21
174.42557442557444,5.43232898485656e-21
174.62537462537463,5.632002400585568e-21
174.82517482517483,9.362380600267546e-21
175.02497502497502,8.792894281671571e-21
175.22477522477524,5.1499994407621664e-21
175.42457542457544,3.945815577697472e-21
175.62437562437563,4.608366059428089e-21
175.82417582417582,8.116364408206727e-21
176.02397602397602,7.787918769162096e-21
176.22377622377624,4.951329872123739e-21
176.42357642357643,4.8168146331496906e-21
176.62337662337663,5.090205403537412e-21
176.82317682317682,4.3554351231245794e-21
177.02297702297702,3.9755009483499836e-21
177.22277722277724,3.472632571807187e-21
177.42257742257743,5.541978110728948e-21
177.62237762237763,3.682774120771084e-21
177.82217782217782,3.7039186405484896e-21
178.02197802197801,4.415434823565229e-21
178.22177822177824,5.765841803791285e-21
178.42157842157843,4.8750022144563946e-21
178.62137862137862,5.22263326698714e-21
178.82117882117882,5.228600917240552e-21
179.02097902097904,3.477971082989533e-21
179.22077922077924,3.950030603933678e-21
179.42057942057943,4.66436812918397e-21
179.62037962037962,4.544068886384635e-21
179.82017982017982,5.370748214120103e-21
180.01998001998004,5.505997691762852e-21
180.21978021978023,6.2491833565496435e-21
180.41958041958043,6.474572249915861e-21
180.61938061938062,3.9178413703750666e-21
180.81918081918081,4.710149299177681e-21
181.01898101898104,4.5570684980257225e-21
181.21878121878123,5.469957761796472e-21
181.41858141858143,4.880582799613186e-21
181.61838161838162,4.905207000037717e-21
181.8181818181818,3.838428639091144e-21
182.01798201798204,5.2802825684357486e-21
182.21778221778223,6.1500260684074705e-21
182.41758241758242,4.624361450883361e-21
182.61738261738262,5.021022256518186e-21
182.8171828171828,2.116532390888998e-21
183.01698301698303,2.8654380738857597e-21
183.21678321678323,4.09341141947199e-21
183.41658341658342,5.365478366656777e-21
183.61638361638362,4.571989606597319e-21
183.8161838161838,4.725917876862499e-21
184.01598401598403,5.0169334097308486e-21
184.21578421578423,4.258100580243968e-21
184.41558441558442,5.502788684657505e-21
184.6153846153846,7.229371527886508e-21
184.81518481518484,1.0063651597849933e-20
185.01498501498503,7.914961076396972e-21
185.21478521478522,5.3431273416161894e-21
185.41458541458542,5.382559991969269e-21
185.6143856143856,5.822412937225184e-21
185.81418581418583,5.0922879477362395e-21
186.01398601398603,4.1924952270145205e-21
186.21378621378622,5.601116480013997e-21
186.41358641358642,7.748255273803018e-21
186.6133866133866,9.101646999328296e-21
186.81318681318683,6.822059275348513e-21
187.01298701298703,5.9035122091582645e-21
187.21278721278722,5.8651739284050686e-21
187.4125874125874,5.236581485388096e-21
187.6123876123876,9.335762311555193e-21
187.81218781218783,1.1611200882935193e-20
188.01198801198802,7.437479138899494e-21
188.21178821178822,1.2552413256723245e-20
188.4115884115884,1.0668306490832168e-20
188.6113886113886,1.1005962405307783e-20
188.81118881118883,1.099159399543136e-20
189.01098901098902,9.289746345415845e-21
189.21078921078922,9.349256988520721e-21
189.4105894105894,9.489618057096699e-21
189.6103896103896,8.387086607906192e-21
189.81018981018983,8.596060519165356e-21
190.00999000999002,9.80134157426616e-21
190.2097902097902,1.2034723569603555e-20
190.4095904095904,1.4162633691566946e-20
190.60939060939063,1.5063655782994776e-20
190.80919080919082,1.1215776407373145e-20
191.00899100899102,1.9328631497404394e-20
191.2087912087912,1.8927184589994598e-20
191.4085914085914,2.8629243496344445e-20
191.60839160839163,2.507434138985311e-20
191.80819180819182,2.3500846802958618e-20
192.00799200799202,2.908796612371086e-20
192.2077922077922,2.24348226992229e-20
192.4075924075924,5.0650981522138694e-20
192.60739260739263,3.957722757377961e-20
192.80719280719282,4.0002955861037577e-20
193.006993006993,3.9218920932178747e-20
193.2067932067932,3.354406734358062e-20
193.4065934065934,6.318477905310354e-20
193.60639360639362,4.293120837304696e-20
193.80619380619382,4.581457806435632e-20
194.005994005994,3.3060778525812796e-20
194.2057942057942,7.968965320201799e-20
194.4055944055944,1.4418180914448526e-19
194.60539460539462,7.329278040271127e-20
194.80519480519482,7.019745365110739e-20
195.004995004995,6.765500915880277e-20
195.2047952047952,1.289402188958482e-19
195.4045954045954,1.1337649932355642e-19
195.60439560439562,5.769938929423353e-20
195.8041958041958,5.389086970183878e-20
196.003996003996,1.0464618280420003e-19
196.2037962037962,2.19592013545808e-19
196.40359640359642,1.4436250637401784e-19
196.60339660339662,8.629878683369142e-20
196.8031968031968,8.48799413234617e-20
197.002997002997,1.2914415893032204e-19
197.2027972027972,2.4279094058951703e-19
197.40259740259742,1.1569849595924574e-19
197.60239760239762,1.0999433345864072e-19
197.8021978021978,7.330399039647699e-20
198.001998001998,6.664277355897283e-20
198.2017982017982,7.883405947126764e-20
198.40159840159842,2.8430187214070554e-20
198.6013986013986,4.1153294246522256e-20
198.8011988011988,2.422453945880856e-20
199.000999000999,2.873203697088587e-20
199.2007992007992,2.601924467387539e-20
199.40059940059942,1.9397437030307394e-20
199.6003996003996,1.1727470085023438e-20
199.8001998001998,8.643130587956354e-21
200.0,1.0267038409374984e-20
200.1998001998002,1.1705000761557824e-20
200.39960039960042,1.1215707543065418e-20
200.5994005994006,1.0891240285399486e-20
200.7992007992008,7.544384979409622e-21
200.999000999001,7.38322300084471e-21
201.1988011988012,1.1655247689802965e-20
201.39860139860141,1.206326011095362e-20
201.5984015984016,7.364291539572295e-21
201.7982017982018,4.489773666547595e-21
201.998001998002,4.4945904255422206e-21
202.19780219780222,3.549569694854836e-21
202.3976023976024,4.8625641142414024e-21
202.5974025974026,3.359399428358193e-21
202.7972027972028,4.587395837076934e-21
202.997002997003,5.291034253180279e-21
203.19680319680322,3.818427083718325e-21
203.3966033966034,3.1670156894664215e-21
203.5964035964036,3.0078878136777518e-21
203.7962037962038,3.978892590285292e-21
203.996003996004,5.7248835698857584e-21
204.19580419580421,5.819740663101553e-21
204.3956043956044,3.950165832867344e-21
204.5954045954046,3.7872659588378665e-21
204.7952047952048,3.66044429304324e-21
204.995004995005,4.031780381883401e-21
205.1948051948052,3.1144646420335868e-21
205.3946053946054,1.8444493725416973e-21
205.5944055944056,2.123341509641004e-21
205.7942057942058,2.4908116528684034e-21
205.994005994006,3.5229026429996976e-21
206.1938061938062,3.4956792290579976e-21
206.3936063936064,3.819844561477058e-21
206.5934065934066,4.220051507296683e-21
206.7932067932068,4.866810920342855e-21
206.993006993007,3.594495508005764e-21
207.1928071928072,4.168767951945592e-21
207.3926073926074,4.056843795894832e-21
207.5924075924076,2.93574325154593e-21
207.7922077922078,2.989343831229527e-21
207.992007992008,2.6265705541302067e-21
208.1918081918082,3.897154610133094e-21
208.3916083916084,7.44680509923394e-21
208.5914085914086,4.828541110226309e-21
208.7912087912088,5.2183641331526975e-21
208.991008991009,4.3611413419862745e-21
209.1908091908092,3.3820916967812505e-21
209.3906093906094,4.609081110277239e-21
209.5904095904096,3.939205410183722e-21
209.7902097902098,4.0292695356505814e-21
209.99000999001,3.604214061356479e-21
210.1898101898102,3.722653140996922e-21
210.3896103896104,5.345322741759592e-21
210.5894105894106,4.4542665959387565e-21
210.78921078921078,4.238585338937161e-21
210.989010989011,4.004852144939754e-21
211.1888111888112,4.6538019035123075e-21
211.3886113886114,4.3146913217141536e-21
211.5884115884116,6.335183630205309e-21
211.78821178821178,6.0365947775154494e-21
211.988011988012,6.573410884913188e-21
212.1878121878122,8.650162883150629e-21
212.3876123876124,9.038709452363684e-21
212.5874125874126,6.995383769865757e-21
212.78721278721278,8.237803018548951e-21
212.987012987013,8.587714248755831e-21
213.1868131868132,1.191442002007195e-20
213.3866133866134,1.118551710444063e-20
213.58641358641358,1.0791155306881425e-20
213.7862137862138,7.536806177636904e-21
213.986013986014,1.0405058485662855e-20
214.1858141858142,1.3310513779021069e-20
214.3856143856144,9.635268873551637e-21
214.58541458541458,9.714307610833827e-21
214.7852147852148,7.302380960208545e-21
214.985014985015,1.541489156728288e-20
215.1848151848152,1.697113053827698e-20
215.3846153846154,1.6951490544742743e-20
215.58441558441558,1.5369139016274636e-20
215.7842157842158,1.0417431414025258e-20
215.984015984016,1.6836069027309942e-20
216.1838161838162,1.680772813544489e-20
216.38361638361638,2.3060603284760323e-20
216.58341658341658,2.4002186018859694e-20
216.7832167832168,2.312186855082163e-20
216.983016983017,2.950977671361596e-20
217.1828171828172,2.990129938542914e-20
217.38261738261738,4.826234081197601e-20
217.58241758241758,3.3984733011649587e-20
217.7822177822178,4.0959542173209613e-20
217.982017982018,5.180279107046087e-20
218.1818181818182,4.972661672549725e-20
218.38161838161838,7.407081234742084e-20
218.58141858141857,6.279113129304699e-20
218.7812187812188,8.531473233569731e-20
218.981018981019,7.881283140993642e-20
219.18081918081919,6.687709706921122e-20
219.38061938061938,8.597718702926086e-20
219.5804195804196,1.0545137081365168e-19
219.7802197802198,1.4615346842537674e-19
219.98001998002,9.616947583238042e-20
220.17982017982018,1.0983545084553062e-19
220.37962037962038,1.0436883854403719e-19
220.5794205794206,9.551561097532864e-20
220.7792207792208,1.1510528986633258e-19
220.979020979021,1.0449951216740159e-19
221.17882117882118,1.8299167290446195e-19
221.37862137862138,1.110703803277368e-19
221.5784215784216,1.0468908824047537e-19
221.7782217782218,1.2165195639873768e-19
221.97802197802199,1.288219246081016e-19
222.17782217782218,1.4965207416380144e-19
222.37762237762237,1.0766467912901965e-19
222.5774225774226,1.0002905703486517e-19
222.7772227772228,1.1010656322446315e-19
222.97702297702298,1.1799763350548906e-19
223.17682317682318,7.703416507999139e-20
223.37662337662337,1.0456297720194833e-19
223.5764235764236,1.2113440999927736e-19
223.7762237762238,9.067236826728123e-20
223.97602397602398,9.088560806434465e-20
224.17582417582418,5.388548529803045e-20
224.37562437562437,9.466761423138557e-20
224.5754245754246,1.097807335248276e-19
224.77522477522479,9.293323386177374e-20
224.97502497502498,9.319959743085731e-20
225.17482517482517,6.223961970122375e-20
225.3746253746254,8.520877088148048e-20
225.5744255744256,6.930815648004801e-20
225.77422577422578,9.123946984064684e-20
225.97402597402598,8.039458789014107e-20
226.17382617382617,4.502772325709105e-20
226.3736263736264,2.97201396136211e-20
226.5734265734266,3.532874431788892e-20
226.77322677322678,5.700539241836368e-20
226.97302697302698,4.106477688457957e-20
227.17282717282717,5.074853163621914e-20
227.3726273726274,4.730639792334237e-20
227.57242757242759,4.811914685265856e-20
227.77222777222778,4.8346882696280694e-20
227.97202797202797,4.13789391563735e-20
228.17182817182817,6.480303103553944e-20
228.3716283716284,4.280552206771982e-20
228.57142857142858,6.327965468887673e-20
228.77122877122878,6.364535193715213e-20
228.97102897102897,5.3626871834267716e-20
229.17082917082917,6.652007029594907e-20
229.3706293706294,6.243287663598565e-20
229.57042957042958,1.0187323996929684e-19
229.77022977022978,9.605299794569276e-20
229.97002997002997,7.649226318501684e-20
230.16983016983016,8.335415748278774e-20
230.36963036963039,9.478714944620989e-20
230.56943056943058,9.464640680598595e-20
230.76923076923077,9.428032614942443e-20
230.96903096903097,9.977013961435336e-20
231.1688311688312,1.4896010974350802e-19
231.36863136863138,1.944513573870361e-19
231.56843156843158,1.0322548325728913e-19
231.76823176823177,7.404267205231743e-20
231.96803196803197,1.177245432163138e-19
232.1678321678322,1.3118067176748994e-19
232.36763236763238,1.8099772168767973e-19
232.56743256743258,1.1126983159852374e-19
232.76723276723277,8.557080227775517e-20
232.96703296703296,1.3272029529925533e-19
233.1668331668332,1.288187877296424e-19
233.36663336663338,9.441900194397955e-20
233.56643356643357,9.914615509261154e-20
233.76623376623377,8.972640214654065e-20
233.96603396603396,8.037184798731972e-20
234.16583416583418,6.545468865250526e-20
234.36563436563438,1.1481642940781777e-19
234.56543456543457,8.106528754520786e-20
234.76523476523477,8.273102008183776e-20
234.96503496503496,8.710882433576654e-20
235.16483516483518,1.257494698048994e-19
235.36463536463538,1.2168674086568963e-19
235.56443556443557,6.630457010432253e-20
235.76423576423576,1.0545957648390487e-19
235.964035964036,5.469813705333651e-20
236.16383616383618,7.445471746155491e-20
236.36363636363637,7.563438186277092e-20
236.56343656343657,7.946479898662291e-20
236.76323676323676,8.741346813547767e-20
236.96303696303698,4.838667487580816e-20
237.16283716283718,7.21635905814112e-20
237.36263736263737,8.926328945051693e-20
237.56243756243757,8.664420091323634e-20
237.76223776223776,6.349028851435714e-20
237.96203796203798,9.638943739145761e-20
238.16183816183818,1.2049634651997746e-19
238.36163836163837,1.0979670883931372e-19
238.56143856143856,1.4059659000283198e-19
238.76123876123876,2.533336113959763e-19
238.96103896103898,8.141609503595887e-19
239.16083916083917,1.5923931827124275e-18
239.36063936063937,1.6996372131385359e-18
239.56043956043956,8.563054928712592e-19
239.76023976023976,3.7517979084826615e-19
239.96003996003998,2.1514617269199064e-19
240.15984015984017,1.1173007653160972e-19
240.35964035964037,8.159921357142217e-20
240.55944055944056,7.122282644776195e-20
240.75924075924075,6.771916577095721e-20
240.95904095904098,7.983473192794476e-20
241.15884115884117,4.232052445646035e-20
241.35864135864136,6.901584327043786e-20
241.55844155844156,4.1896273682069416e-20
241.75824175824178,2.990967235159273e-20
241.95804195804197,3.5221610209708055e-20
242.15784215784217,4.206828077960916e-20
242.35764235764236,5.377034987408475e-20
242.55744255744256,3.610696952474301e-20
242.75724275724278,3.5490942645848794e-20
242.95704295704297,3.0544241514431814e-20
243.15684315684317,3.1622663735538695e-20
243.35664335664336,3.214412683393891e-20
243.55644355644355,1.71207576259767e-20
243.75624375624378,1.863457356461621e-20
243.95604395604397,1.8343196119805986e-20
244.15584415584416,2.080416744732305e-20
244.35564435564436,1.528195934653329e-20
244.55544455544455,1.1765527276221918e-20
244.75524475524477,1.2051575550726212e-20
244.95504495504497,1.010660245579504e-20
245.15484515484516,9.688565387832936e-21
245.35464535464536,1.225696954281544e-20
245.55444555444555,1.0337905468348438e-20
245.75424575424577,9.06251409740538e-21
245.95404595404597,1.2697746466003901e-20
246.15384615384616,1.94331234287954e-20
246.35364635364635,1.2857595697810129e-20
246.55344655344655,1.56021867235908e-20
246.75324675324677,1.0380904381557376e-20
246.95304695304696,1.1170827737156744e-20
247.15284715284716,1.3235747737867355e-20
247.35264735264735,1.3094833892584272e-20
247.55244755244757,1.4788045691978933e-20
247.75224775224777,1.0077287591752647e-20
247.95204795204796,1.7900369988657763e-20
248.15184815184816,2.3002411047041713e-20
248.35164835164835,1.6421333358390733e-20
248.55144855144857,1.4750280787885812e-20
248.75124875124877,1.3588359015195208e-20
248.95104895104896,1.347120601563938e-20
249.15084915084915,1.3480195262436286e-20
249.35064935064935,2.3156198167493026e-20
249.55044955044957,2.2173742547230195e-20
249.75024975024976,2.255873751366323e-20
249.95004995004996,2.2176555123271756e-20
250.14985014985015,2.722992737455429e-20
250.34965034965035,3.7893287839567373e-20
250.54945054945057,2.840904729701671e-20
250.74925074925076,2.8690948412715797e-20
250.94905094905096,3.5218096342360094e-20
251.14885114885115,3.791377480442265e-20
251.34865134865134,4.521414892541695e-20
251.54845154845157,4.097676517056077e-20
251.74825174825176,7.960253709094514e-20
251.94805194805195,6.759110080544393e-20
252.14785214785215,8.081836744351018e-20
252.34765234765234,8.483793899170327e-20
252.54745254745256,7.713155924538342e-20
252.74725274725276,9.9218306604472e-20
252.94705294705295,7.980970538336531e-20
253.14685314685315,1.0477684173292299e-19
253.34665334665337,7.54847187455034e-20
253.54645354645356,6.76682822591154e-20
253.74625374625376,5.279591307286098e-20
253.94605394605395,4.806185156627859e-20
254.14585414585414,5.944706647658062e-20
254.34565434565437,4.7857007690529524e-20
254.54545454545456,4.4605909708445075e-20
254.74525474525475,3.170240317544781e-20
254.94505494505495,4.6313189008905756e-20
255.14485514485514,4.486181912671736e-20
255.34465534465537,2.8977659564763927e-20
255.54445554445556,2.3432402795736892e-20
255.74425574425575,3.064593219534069e-20
255.94405594405595,5.056537711509724e-20
256.14385614385617,4.3825961486426006e-20
256.34365634365633,3.6179568314642367e-20
256.54345654345656,2.4793617357341087e-20
256.7432567432568,2.849975394450401e-20
256.94305694305694,3.82049405495905e-20
257.14285714285717,3.271489601373052e-20
257.34265734265733,3.212306425014595e-20
257.54245754245756,2.0769319766072185e-20
257.7422577422578,2.4299086614206194e-20
257.94205794205794,2.986170238547012e-20
258.14185814185817,1.8821974344945768e-20
258.34165834165833,1.4273203144753848e-20
258.54145854145855,1.7606203468921125e-20
258.7412587412588,2.3981219065715025e-20
258.94105894105894,2.3243010680650367e-20
259.14085914085916,1.580699246864868e-20
259.34065934065933,1.590217353507249e-20
259.54045954045955,1.604252979747621e-20
259.7402597402598,1.9004725319304153e-20
259.94005994005994,9.947908359568375e-21
260.13986013986016,1.4620811409254838e-20
260.3396603396603,1.760300648413574e-20
260.53946053946055,1.5955374265218148e-20
260.73926073926077,1.720854332257135e-20
260.93906093906094,1.2051744280711636e-20
261.13886113886116,1.3794097834334094e-20
261.3386613386613,9.778751414318538e-21
261.53846153846155,1.2214945654129004e-20
261.73826173826177,1.1458776745305319e-20
261.93806193806194,9.254561863505055e-21
262.13786213786216,1.4248427380335332e-20
262.3376623376623,1.1585931388435549e-20
262.53746253746255,1.1936907270969097e-20
262.73726273726277,8.917246324368755e-21
262.93706293706293,5.4795868344476444e-21
263.13686313686316,8.268357844844884e-21
263.3366633366633,9.892286472212994e-21
263.53646353646354,9.033636331540685e-21
263.73626373626377,6.2312640770095614e-21
263.93606393606393,7.06159864899271e-21
264.13586413586415,9.347414963526375e-21
264.3356643356643,7.351670002203634e-21
264.53546453546454,5.841663479290404e-21
264.73526473526476,4.351386429618879e-21
264.93506493506493,5.901655544800296e-21
265.13486513486515,9.508262590148503e-21
265.3346653346653,1.6937344679543537e-20
265.53446553446554,1.3290490366773702e-20
265.73426573426576,1.0308797921917071e-20
265.9340659340659,6.3298328085090066e-21
266.13386613386615,5.264663835004026e-21
266.3336663336663,7.409471733686637e-21
266.53346653346654,8.703036226215694e-21
266.73326673326676,5.634515512842735e-21
266.9330669330669,4.425355867734538e-21
267.13286713286715,3.875316536215346e-21
267.33266733266737,5.7641296205274485e-21
267.53246753246754,5.4764197969819295e-21
267.73226773226776,6.106160777349547e-21
267.9320679320679,8.574443509443619e-21
268.13186813186815,8.180888441815002e-21
268.33166833166837,5.127089194342185e-21
268.53146853146853,5.396356116780705e-21
268.73126873126876,6.34688330034748e-21
268.9310689310689,4.758431374732844e-21
269.13086913086914,3.4193234007384525e-21
269.33066933066937,2.5462121122750523e-21
269.53046953046953,3.816194808584708e-21
269.73026973026975,2.8198709832116608e-21
269.9300699300699,2.5370560051278802e-21
270.12987012987014,2.5225703849093616e-21
270.32967032967036,3.254502542200087e-21
270.52947052947053,2.8006422932162465e-21
270.72927072927075,3.290561844629186e-21
270.9290709290709,3.3686043269797504e-21
271.12887112887114,3.624957733347248e-21
271.32867132867136,4.999702072207702e-21
271.5284715284715,5.343762609659767e-21
271.72827172827175,4.180080476644215e-21
271.9280719280719,3.724227603602948e-21
272.12787212787214,3.0282730052401845e-21
272.32767232767236,4.40630265439756e-21
272.5274725274725,3.5433860166986884e-21
272.72727272727275,2.6650827228260463e-21
272.9270729270729,2.585702141958627e-21
273.12687312687314,2.183525003102774e-21
273.32667332667336,3.0296834862673215e-21
273.5264735264735,3.958227831299693e-21
273.72627372627375,2.5992476620864912e-21
273.9260739260739,2.276277134497766e-21
274.12587412587413,2.8466827460244922e-21
274.32567432567436,2.8360353701442173e-21
274.5254745254745,1.7719749638929973e-21
274.72527472527474,2.649138196767919e-21
274.9250749250749,2.2245020044482998e-21
275.12487512487513,2.3334407903516024e-21
275.32467532467535,1.973717493865955e-21
275.5244755244755,2.162325931445702e-21
275.72427572427574,2.281380865455829e-21
275.9240759240759,2.7351610570380905e-21
276.12387612387613,2.531270467402463e-21
276.32367632367635,1.936455055406175e-21
276.5234765234765,2.7361875206547327e-21
276.72327672327674,2.683044955305248e-21
276.9230769230769,1.6846615612137135e-21
277.1228771228771,2.6540884717941288e-21
277.32267732267735,3.444548616436706e-21
277.5224775224775,2.7791826118231774e-21
277.72227772227774,2.314440057367779e-21
277.9220779220779,3.3428219214365046e-21
278.1218781218781,3.9530929388440556e-21
278.32167832167835,3.506369240524882e-21
278.5214785214785,2.499615210028806e-21
278.72127872127874,3.0568983083048996e-21
278.92107892107896,3.158316894630519e-21
279.1208791208791,2.6037752985758097e-21
279.32067932067935,2.5160023802780717e-21
279.5204795204795,1.6505500333369898e-21
279.72027972027973,2.2565879562613235e-21
279.92007992007996,2.6472176587999035e-21
280.1198801198801,2.8811297805115258e-21
280.31968031968034,2.4138720180410803e-21
280.5194805194805,2.387165707763844e-21
280.71928071928073,2.6585356219831006e-21
280.91908091908095,1.7018126055914e-21
281.1188811188811,1.8320780276386154e-21
281.31868131868134,5.167411822685509e-21
281.5184815184815,4.6808892907271094e-21
281.71828171828173,4.0143857293364326e-21
281.91808191808195,5.229200453788236e-21
282.1178821178821,4.444223826947942e-21
282.31768231768234,3.88105779521504e-21
282.5174825174825,3.871270005079547e-21
282.7172827172827,4.330185723808429e-21
282.91708291708295,4.109146862286774e-21
283.1168831168831,4.83978155775918e-21
283.31668331668334,4.789419036811803e-21
283.5164835164835,4.5131470499076054e-21
283.7162837162837,3.6950785042098434e-21
283.91608391608395,2.5964265368057228e-21
284.1158841158841,2.7329598214684227e-21
284.31568431568434,3.1240699238288356e-21
284.5154845154845,3.515728995679842e-21
284.7152847152847,2.5053336415668445e-21
284.91508491508495,2.3282346894622033e-21
285.1148851148851,2.8500461170075086e-21
285.31468531468533,3.815527379273563e-21
285.5144855144855,2.6665420276130374e-21
285.7142857142857,2.6971151508431482e-21
285.91408591408594,2.8347266439149087e-21
286.1138861138861,1.910362572169838e-21
286.31368631368633,2.4197505353513796e-21
286.5134865134865,3.853404456834585e-21
286.7132867132867,3.3258771820319954e-21
286.91308691308694,2.615065507311829e-21
287.1128871128871,3.1317286684193745e-21
287.31268731268733,2.6046635260142146e-21
287.5124875124875,2.2890326105953542e-21
287.7122877122877,2.2519228506880597e-21
287.91208791208794,2.4072609697996514e-21
288.1118881118881,2.3566705044935876e-21
288.31168831168833,2.7970526626445586e-21
288.5114885114885,2.6116292941676768e-21
288.7112887112887,1.3118373082058011e-21
288.91108891108894,1.0451527101535855e-21
289.1108891108891,2.148667755238765e-21
289.3106893106893,1.3767675261996106e-21
289.5104895104895,1.565691100350139e-21
289.7102897102897,2.219119447341462e-21
289.91008991008994,2.2349721694011985e-21
290.1098901098901,3.1026308338679797e-21
290.3096903096903,2.1252545848053644e-21
290.50949050949055,1.7245668982915e-21
290.7092907092907,2.71905869763321e-21
290.90909090909093,1.8246348990569038e-21
291.1088911088911,1.7264476741313252e-21
291.3086913086913,2.7597076516133876e-21
291.50849150849155,1.959170720343937e-21
291.7082917082917,2.5642869461657783e-21
291.90809190809193,2.6878139901796942e-21
292.1078921078921,2.0388602418314224e-21
292.3076923076923,1.945281202455872e-21
292.50749250749254,1.4528769378985067e-21
292.7072927072927,1.715268665482973e-21
292.90709290709293,2.012442798888164e-21
293.1068931068931,2.439860112697059e-21
293.3066933066933,2.383992518379515e-21
293.50649350649354,2.255657608180016e-21
293.7062937062937,2.057377507791077e-21
293.90609390609393,2.18878538704389e-21
294.1058941058941,3.047474700049044e-21
294.3056943056943,2.404680450133313e-21
294.50549450549454,1.74485499101503e-21
294.7052947052947,2.71525870621651e-21
294.9050949050949,2.9997037564037458e-21
295.1048951048951,2.665320549995238e-21
295.3046953046953,1.3736954156850145e-21
295.50449550449554,1.0914446833335443e-21
295.7042957042957,1.3237499990320326e-21
295.9040959040959,1.2644714028863847e-21
296.1038961038961,1.7525702631888202e-21
296.3036963036963,1.530302390111951e-21
296.50349650349654,1.2026964731185115e-21
296.7032967032967,1.0786502259460008e-21
296.9030969030969,9.04779004906302e-22
297.1028971028971,1.4841763317129254e-21
297.3026973026973,1.7418489108079146e-21
297.50249750249753,1.8784469029836794e-21
297.7022977022977,1.2001670293402007e-21
297.9020979020979,1.4898749175718106e-21
298.1018981018981,2.461287465762414e-21
298.3016983016983,2.3255054848648338e-21
298.50149850149853,2.0159498385374508e-21
298.7012987012987,1.4451725826905452e-21
298.9010989010989,1.1134507567474302e-21
299.1008991008991,1.0962311282798656e-21
299.3006993006993,1.3197547024254818e-21
299.50049950049953,1.4246506918828017e-21
299.7002997002997,1.8592627056167427e-21
299.9000999000999,1.79603337817079e-21
300.0999000999001,1.7721690386781256e-21
300.2997002997003,1.5126926295562038e-21
300.4995004995005,1.7869285211032303e-21
300.6993006993007,2.3155939048596807e-21
300.8991008991009,2.3990033018910693e-21
301.0989010989011,2.1111476303894763e-21
301.2987012987013,1.9474951561658315e-21
301.4985014985015,1.6086638107084609e-21
301.6983016983017,1.529989944604548e-21
301.8981018981019,1.9729307940844188e-21
302.09790209790214,2.11950324809176e-21
302.2977022977023,2.7643640861317868e-21
302.4975024975025,2.3745495582199146e-21
302.6973026973027,2.9196841028987883e-21
302.8971028971029,2.5557761962768394e-21
303.09690309690313,2.1496861877128075e-21
303.2967032967033,2.7831645589985463e-21
303.4965034965035,2.4968585623604046e-21
303.6963036963037,2.1285150040515482e-21
303.8961038961039,2.2503270454396464e-21
304.09590409590413,2.3436704709389655e-21
304.2957042957043,2.0843338108071447e-21
304.4955044955045,3.2061300550853664e-21
304.6953046953047,3.0269413585741938e-21
304.8951048951049,2.2279779285394096e-21
305.09490509490513,2.2230666906352786e-21
305.2947052947053,2.9887373768200467e-21
305.4945054945055,2.7304223883081974e-21
305.6943056943057,3.5346483235827165e-21
305.8941058941059,3.958138497952706e-21
306.0939060939061,4.845108491532395e-21
306.2937062937063,6.601935113197115e-21
306.4935064935065,4.95393270100031e-21
306.6933066933067,2.71555513817749e-21
306.8931068931069,2.9452620227637265e-21
307.0929070929071,4.031033510230267e-21
307.2927072927073,4.651702599413345e-21
307.4925074925075,6.3296287541978056e-21
307.6923076923077,6.4505122963357806e-21
307.8921078921079,7.622570619797742e-21
308.0919080919081,8.741221367096749e-21
308.2917082917083,8.243594974057017e-21
308.4915084915085,6.3291196003130536e-21
308.6913086913087,6.727064840131912e-21
308.8911088911089,4.965003925786661e-21
309.0909090909091,4.8398639395206945e-21
309.2907092907093,4.004316276435176e-21
309.4905094905095,2.935688272616449e-21
309.6903096903097,3.3527591797144534e-21
309.8901098901099,6.068502309594426e-21
310.0899100899101,6.602451644924508e-21
310.2897102897103,4.693698943202193e-21
310.4895104895105,4.506832612207924e-21
310.6893106893107,4.0354812491776046e-21
310.8891108891109,3.2512856541650643e-21
311.0889110889111,2.7180620952417267e-21
311.2887112887113,2.5693509209012974e-21
311.4885114885115,3.440574549929457e-21
311.68831168831167,3.498086848884641e-21
311.8881118881119,2.1631917660119752e-21
312.0879120879121,1.6040723001506336e-21
312.2877122877123,2.015034432451896e-21
312.4875124875125,2.430406053848681e-21
312.6873126873127,2.6987348026126535e-21
312.8871128871129,4.0581096613277885e-21
313.0869130869131,4.3492495234775295e-21
313.2867132867133,3.38060173089066e-21
313.4865134865135,2.4534017800629605e-21
313.6863136863137,2.6768551286097653e-21
313.8861138861139,3.5905147960014986e-21
314.0859140859141,2.539126557692028e-21
314.2857142857143,2.5361525121199175e-21
314.4855144855145,3.210964057085411e-21
314.6853146853147,2.5388493780375975e-21
314.8851148851149,2.341536142323341e-21
315.0849150849151,2.229568225486474e-21
315.2847152847153,2.763017583219421e-21
315.4845154845155,2.6375937178123606e-21
315.6843156843157,1.5677383001344642e-21
315.8841158841159,2.0063870083460027e-21
316.0839160839161,2.007869342237884e-21
316.2837162837163,1.8277703569064305e-21
316.4835164835165,1.7444195033022593e-21
316.6833166833167,1.8279280096998516e-21
316.8831168831169,1.3221654148769825e-21
317.0829170829171,1.6369951670188565e-21
317.2827172827173,1.9033137779402835e-21
317.4825174825175,1.9932613649522985e-21
317.6823176823177,1.732043335600545e-21
317.8821178821179,1.3103526149610116e-21
318.0819180819181,1.4612558119278863e-21
318.28171828171827,1.5804191808158778e-21
318.4815184815185,1.2751375505234962e-21
318.6813186813187,1.7084221974515706e-21
318.8811188811189,1.8327306941618745e-21
319.0809190809191,2.35894873177703e-21
319.28071928071927,2.195247959997655e-21
319.4805194805195,1.8218500310448265e-21
319.6803196803197,1.2677609083924456e-21
319.8801198801199,1.6826482133856079e-21
320.0799200799201,1.7289793776601543e-21
320.27972027972027,1.1928939725758205e-21
320.4795204795205,1.8141854849164823e-21
320.6793206793207,1.5925961946341662e-21
320.8791208791209,1.2064024217698141e-21
321.0789210789211,1.6837211843355959e-21
321.27872127872126,1.6891950180917554e-21
321.4785214785215,1.024570879930759e-21
321.6783216783217,1.635363400323558e-21
321.8781218781219,1.9423097528200738e-21
322.0779220779221,1.9381451960595387e-21
322.27772227772226,2.214493336162767e-21
322.4775224775225,1.635257850664667e-21
322.6773226773227,1.1660325485938601e-21
322.8771228771229,1.5341259797720683e-21
323.0769230769231,2.35411985830948e-21
323.27672327672326,1.9260619079796724e-21
323.4765234765235,1.5201728274106053e-21
323.6763236763237,1.6726953808004295e-21
323.87612387612387,1.819271960321251e-21
324.0759240759241,1.2181501273707366e-21
324.2757242757243,1.4463506922317666e-21
324.4755244755245,1.5725705581050816e-21
324.6753246753247,2.1981314459692592e-21
324.87512487512487,3.2066713807209494e-21
325.0749250749251,2.0911125862097514e-21
325.2747252747253,1.785258150982019e-21
325.4745254745255,3.425729971212509e-21
325.6743256743257,3.0917196753493378e-21
325.87412587412587,2.5663133401924392e-21
326.0739260739261,4.018056346652954e-21
326.2737262737263,3.766475644930799e-21
326.4735264735265,3.2472864391346564e-21
326.6733266733267,3.497121364391922e-21
326.87312687312686,4.021620953785226e-21
327.0729270729271,3.545617730326527e-21
327.2727272727273,4.1875397555954414e-21
327.4725274725275,3.855354483169664e-21
327.6723276723277,4.863426908846677e-21
327.87212787212786,7.43038123498892e-21
328.0719280719281,5.95805417363986e-21
328.2717282717283,3.3318950804798677e-21
328.4715284715285,3.3375472143027854e-21
328.6713286713287,4.409468074080486e-21
328.87112887112886,3.269213667065726e-21
329.0709290709291,3.578825013906473e-21
329.2707292707293,3.098456023588387e-21
329.47052947052947,3.659784058553284e-21
329.6703296703297,3.9940554315642626e-21
329.87012987012986,4.4267991327827316e-21
330.0699300699301,3.881585332401734e-21
330.2697302697303,4.631718079557544e-21
330.46953046953047,4.4330643502992415e-21
330.6693306693307,5.2465294438364735e-21
330.86913086913086,5.085458072146059e-21
331.0689310689311,3.752408308467979e-21
331.2687312687313,2.8789758070654363e-21
331.46853146853147,3.4122342400254624e-21
331.6683316683317,3.596701456751485e-21
331.86813186813185,3.2050621092632986e-21
332.0679320679321,3.793674498309536e-21
332.2677322677323,4.346879880609491e-21
332.46753246753246,2.4510265331456052e-21
332.6673326673327,2.7232696206306387e-21
332.86713286713285,2.76141605084216e-21
333.0669330669331,1.631437306254583e-21
333.2667332667333,2.8124569377712733e-21
333.46653346653346,3.7053930479875946e-21
333.6663336663337,3.671484960657771e-21
333.86613386613385,3.0209288363602957e-21
334.0659340659341,2.23603502554387e-21
334.2657342657343,2.7933225334021872e-21
334.46553446553446,3.601700689096036e-21
334.6653346653347,4.108911894746668e-21
334.86513486513485,3.002055703146772e-21
335.06493506493507,3.45895200548323e-21
335.2647352647353,3.181413631623053e-21
335.46453546453546,2.9976423239709347e-21
335.6643356643357,2.7362037361275473e-21
335.8641358641359,2.6508013184998413e-21
336.06393606393607,4.0313601581987915e-21
336.2637362637363,4.0678270310491655e-21
336.46353646353646,4.837943234701396e-21
336.6633366633367,2.0967226796416367e-21
336.8631368631369,2.5139023949755005e-21
337.06293706293707,3.3835608653813523e-21
337.2627372627373,2.8686689328971522e-21
337.46253746253745,2.0332008923205852e-21
337.6623376623377,1.9490779459302806e-21
337.8621378621379,2.116382939904859e-21
338.06193806193806,2.2713998631617894e-21
338.2617382617383,2.0512519160906623e-21
338.46153846153845,2.1954909843501906e-21
338.6613386613387,1.443358652870052e-21
338.8611388611389,1.9877461165091757e-21
339.06093906093906,2.1193405874103558e-21
339.2607392607393,2.2916884998749777e-21
339.46053946053945,1.8004949873151937e-21
339.6603396603397,1.7576341562439445e-21
339.8601398601399,2.4954516343763482e-21
340.05994005994006,1.4189595025700237e-21
340.2597402597403,1.507717986915652e-21
340.45954045954045,2.2351365093349526e-21
340.65934065934067,2.6112858028285786e-21
340.8591408591409,2.7441627676464658e-21
341.05894105894106,3.243557192612131e-21
341.2587412587413,2.929704782104692e-21
341.45854145854145,2.491509424558261e-21
341.65834165834167,3.054092916478281e-21
341.8581418581419,1.7859370895579657e-21
342.05794205794206,1.959247378149565e-21
342.2577422577423,2.211735412276555e-21
342.45754245754244,2.2668265665713573e-21
342.65734265734267,2.2978463207488144e-21
342.8571428571429,2.4312572304530948e-21
343.05694305694306,3.420136219563484e-21
343.2567432567433,2.567411483401653e-21
343.45654345654344,2.7643310129693497e-21
343.65634365634367,2.3553968176050544e-21
343.8561438561439,2.3551063669579365e-21
344.05594405594405,4.887271049243306e-21
344.2557442557443,3.631838868855805e-21
344.45554445554444,3.1517869716441557e-21
344.65534465534466,3.1229585821613814e-21
344.8551448551449,4.850110509617464e-21
345.05494505494505,2.9098968508963865e-21
345.2547452547453,2.1303979155332824e-21
345.45454545454544,2.96110498922919e-21
345.65434565434566,4.117996226511448e-21
345.8541458541459,4.058032715150403e-21
346.05394605394605,2.248553469533893e-21
346.25374625374627,1.9975392535436265e-21
346.45354645354644,2.237370434919714e-21
346.65334665334666,2.316035219017862e-21
346.8531468531469,2.2418662070321116e-21
347.05294705294705,2.0306629197858283e-21
347.25274725274727,2.3157381344513304e-21
347.4525474525475,1.7684202087839434e-21
347.65234765234766,1.694536514597748e-21
347.8521478521479,2.0534886708874768e-21
348.05194805194805,2.3990348987827524e-21
348.25174825174827,2.239266437853277e-21
348.4515484515485,2.414470015404862e-21
348.65134865134866,2.627883275944638e-21
348.8511488511489,2.3169921223381054e-21
349.05094905094904,2.1611683172770373e-21
349.25074925074927,1.980122991717088e-21
349.4505494505495,1.4914289579879244e-21
349.65034965034965,1.5427137270937607e-21
349.8501498501499,2.345870882479942e-21
350.04995004995004,1.9913898235500615e-21
350.24975024975026,2.0739614784410222e-21
350.4495504495505,2.418235562065949e-21
350.64935064935065,3.2464634064287176e-21
350.8491508491509,2.8140453982154853e-21
351.04895104895104,2.4495753297670698e-21
351.24875124875126,2.2191900164418457e-21
351.4485514485515,2.2219923484908008e-21
351.64835164835165,2.0245934948032636e-21
351.8481518481519,2.5081600880100004e-21
352.04795204795204,3.9024228255115936e-21
352.24775224775226,3.074628960486891e-21
352.4475524475525,2.6760479632319687e-21
352.64735264735265,2.6421238160651432e-21
352.84715284715287,1.4622109251442142e-21
353.04695304695304,1.4436419936282712e-21
353.24675324675326,1.4214606079977092e-21
353.4465534465535,1.4628090021173002e-21
353.64635364635365,1.901618277978004e-21
353.84615384615387,1.5332167710993723e-21
354.04595404595403,1.3765761033345572e-21
354.24575424575426,1.7118911345643235e-21
354.4455544455545,2.2910203551149957e-21
354.64535464535464,2.180282990652743e-21
354.84515484515487,2.3398245400859734e-21
355.04495504495503,3.119599733230345e-21
355.24475524475525,2.6832670851951332e-21
355.4445554445555,1.6794654811358082e-21
355.64435564435564,1.4309167269612005e-21
355.84415584415586,1.499657894845604e-21
356.04395604395603,1.6620979864624719e-21
356.24375624375625,1.3179394755458296e-21
356.4435564435565,2.620582253282382e-21
356.64335664335664,4.0488850492553596e-21
356.84315684315686,1.610921340321416e-20
357.042957042957,1.9358066764962805e-20
357.24275724275725,5.73491035945251e-21
357.4425574425575,3.639001544662024e-21
357.64235764235764,4.1218825896674625e-21
357.84215784215786,6.3188476034506776e-21
358.0419580419581,1.0329621507826958e-20
358.24175824175825,1.4001053479920885e-20
358.44155844155847,1.959412957774757e-20
358.64135864135864,3.1255857153133635e-20
358.84115884115886,4.1533112383412985e-20
359.0409590409591,3.4846597288482965e-20
359.24075924075925,2.2248360338669272e-20
359.44055944055947,1.8358814156230888e-20
359.64035964035963,7.839046656010694e-21
359.84015984015986,8.405153871245814e-21
360.0399600399601,9.146889801459274e-21
360.23976023976024,6.431632139625563e-21
360.43956043956047,5.200028874151588e-21
360.63936063936063,2.567352444504088e-21
360.83916083916085,2.8904219414746437e-21
361.0389610389611,5.7055564510841e-21
361.23876123876124,5.964097826663207e-21
361.43856143856146,4.931832508751807e-21
361.63836163836163,2.716236697708784e-21
361.83816183816185,2.718298817927569e-21
362.0379620379621,3.880316954615661e-21
362.23776223776224,4.2749688879275576e-21
362.43756243756246,4.476068176463513e-21
362.6373626373626,4.433316705258427e-21
362.83716283716285,4.289403392906742e-21
363.0369630369631,7.005270128433109e-21
363.23676323676324,4.71265890886839e-21
363.43656343656346,4.084492899648e-21
363.6363636363636,4.215198919075742e-21
363.83616383616385,3.3025198697287035e-21
364.03596403596407,3.871761094752928e-21
364.23576423576424,4.862920529963956e-21
364.43556443556446,5.118759627855749e-21
364.6353646353646,5.61059778714806e-21
364.83516483516485,8.60050423768657e-21
365.03496503496507,8.971881231123496e-21
365.23476523476523,6.306758643668546e-21
365.43456543456546,6.154784822997026e-21
365.6343656343656,5.4027909079493986e-21
365.83416583416584,5.2196409226161e-21
366.03396603396607,5.540215508683795e-21
366.23376623376623,5.601618150763937e-21
366.43356643356645,5.060412090900119e-21
366.6333666333666,6.917235379118098e-21
366.83316683316684,6.5543802803958074e-21
367.03296703296706,6.2791203591428555e-21
367.23276723276723,4.8124114758606674e-21
367.43256743256745,4.184925046890515e-21
367.6323676323676,3.16601446665182e-21
367.83216783216784,3.576625650413572e-21
368.03196803196806,3.0244135541151902e-21
368.2317682317682,2.17276543346183e-21
368.43156843156845,3.0787502757644444e-21
368.6313686313686,2.743797895662467e-21
368.83116883116884,2.8422008214247173e-21
369.03096903096906,2.177990699404276e-21
369.2307692307692,2.4110172312413875e-21
369.43056943056945,3.58414836311251e-21
369.63036963036967,3.032814873291807e-21
369.83016983016984,2.3218899056378565e-21
370.02997002997006,2.5551988032527737e-21
370.2297702297702,4.493724403831869e-21
370.42957042957045,4.573435257843898e-21
370.62937062937067,3.2439029728499204e-21
370.82917082917083,3.899712811474318e-21
371.02897102897106,3.823375620397396e-21
371.2287712287712,3.630384664789021e-21
371.42857142857144,4.5754452670662164e-21
371.62837162837167,5.249587703009848e-21
371.82817182817183,4.243184343277937e-21
372.02797202797206,5.672536624539774e-21
372.2277722277722,6.262546653786786e-21
372.42757242757244,4.87206780580801e-21
372.62737262737267,5.549997020407175e-21
372.82717282717283,5.381816430561286e-21
373.02697302697305,9.159925764830989e-21
373.2267732267732,7.391532297511767e-21
373.42657342657344,4.045057541041126e-21
373.62637362637366,4.82188410120478e-21
373.82617382617383,4.842992122427108e-21
374.02597402597405,3.503874388385281e-21
374.2257742257742,3.557514054239344e-21
374.42557442557444,3.868834017159152e-21
374.62537462537466,4.482830192955162e-21
374.8251748251748,5.113997177127672e-21
375.02497502497505,4.393746438612373e-21
375.2247752247752,5.391666366621388e-21
375.42457542457544,4.3015781556640515e-21
375.62437562437566,3.723894571909241e-21
375.8241758241758,3.469739259359868e-21
376.02397602397605,3.967632325560358e-21
376.2237762237762,4.243498264369779e-21
376.42357642357643,3.9506571387121045e-21
376.62337662337666,4.0832700342370765e-21
376.8231768231768,7.113903594682727e-21
377.02297702297705,7.779977962232763e-21
377.2227772227772,5.8863102412069004e-21
377.42257742257743,5.661270501273715e-21
377.62237762237766,5.221934518060979e-21
377.8221778221778,7.743551740566049e-21
378.02197802197804,6.787344968136443e-21
378.2217782217782,5.116878463283607e-21
378.42157842157843,4.9287056709065556e-21
378.62137862137865,6.832602210113446e-21
378.8211788211788,6.1336225165145016e-21
379.02097902097904,5.787852624492854e-21
379.2207792207792,5.5847519795477905e-21
379.42057942057943,6.127766545174401e-21
379.62037962037965,4.6411662522559615e-21
379.8201798201798,3.574279264564481e-21
380.01998001998004,3.728763415238517e-21
380.2197802197802,3.2335230665686088e-21
380.4195804195804,3.726830049375224e-21
380.61938061938065,5.4415380406947165e-21
380.8191808191808,4.742868578080919e-21
381.01898101898104,5.701356129481049e-21
381.21878121878126,4.264665285639744e-21
381.4185814185814,5.774160387552909e-21
381.61838161838165,6.073576488743367e-21
381.8181818181818,5.505880516845181e-21
382.01798201798204,2.599392749408329e-21
382.21778221778226,2.445553765453259e-21
382.4175824175824,2.5619186958155635e-21
382.61738261738265,3.6168528078009746e-21
382.8171828171828,4.056343697999477e-21
383.01698301698303,3.85548641803641e-21
383.21678321678326,2.9234522321463557e-21
383.4165834165834,4.079747898869947e-21
383.61638361638364,7.083041323584314e-21
383.8161838161838,1.2740203518677954e-20
384.01598401598403,1.3687276896033065e-20
384.21578421578425,1.1242659868361505e-20
384.4155844155844,1.751653345535607e-20
384.61538461538464,1.6035437644195923e-20
384.8151848151848,1.8675576224611258e-20
385.01498501498503,2.0697955872232906e-20
385.21478521478525,3.4756453788206346e-20
385.4145854145854,4.263220367219562e-20
385.61438561438564,2.882229634626324e-20
385.8141858141858,4.3594505743533134e-20
386.013986013986,5.452815911577753e-20
386.21378621378625,4.219633240272791e-20
386.4135864135864,2.1866745260739767e-20
386.61338661338664,1.7330890308731854e-20
386.8131868131868,1.9431592986059264e-20
387.012987012987,2.3427808848616614e-20
387.21278721278725,1.9685162468552832e-20
387.4125874125874,2.2827817044988873e-20
387.61238761238764,8.615415700714203e-21
387.8121878121878,1.0116097168488687e-20
388.011988011988,7.413685764429546e-21
388.21178821178825,6.473819311574349e-21
388.4115884115884,7.569435008614072e-21
388.61138861138863,5.582100331144448e-21
388.8111888111888,5.6989222423892776e-21
389.010989010989,3.969806788136673e-21
389.21078921078924,3.143206825722836e-21
389.4105894105894,3.82630883955443e-21
389.61038961038963,5.1260539693360475e-21
389.8101898101898,4.860403843144414e-21
390.00999000999,3.698922253377697e-21
390.20979020979024,2.843234567046044e-21
390.4095904095904,3.846868082163221e-21
390.60939060939063,2.796357690054108e-21
390.8091908091908,3.5583493279166966e-21
391.008991008991,3.626335924392937e-21
391.20879120879124,4.2944803510574845e-21
391.4085914085914,4.009424200798515e-21
391.6083916083916,2.2314857910397395e-21
391.8081918081918,2.055177359793849e-21
392.007992007992,2.2447866151759487e-21
392.20779220779224,3.781892776112642e-21
392.4075924075924,3.6457028513019235e-21
392.6073926073926,3.1529220075073772e-21
392.80719280719285,5.4904624012523735e-21
393.006993006993,6.24139997765753e-21
393.20679320679324,4.321394276935076e-21
393.4065934065934,3.727906968848594e-21
393.6063936063936,4.656214346865404e-21
393.80619380619385,5.547080613143854e-21
394.005994005994,2.8785707764828073e-21
394.20579420579423,3.098803552099579e-21
394.4055944055944,3.9069600224164035e-21
394.6053946053946,5.52356690503577e-21
394.80519480519484,3.5323307971687645e-21
395.004995004995,5.217225603779274e-21
395.20479520479523,8.556351367602466e-21
395.4045954045954,9.643936176840174e-21
395.6043956043956,1.0387839066022133e-20
395.80419580419584,7.831466447280117e-21
396.003996003996,6.888443569089561e-21
396.20379620379623,5.382379444529309e-21
396.4035964035964,5.8286640990882426e-21
396.6033966033966,4.562942359667004e-21
396.80319680319684,3.817507307870714e-21
397.002997002997,4.555307686789769e-21
397.2027972027972,6.3203349720060965e-21
397.4025974025974,6.0713660140167056e-21
397.6023976023976,7.062242524717653e-21
397.80219780219784,1.2172366252049532e-20
398.001998001998,1.2789262201240665e-20
398.2017982017982,7.043609188958803e-21
398.4015984015984,5.59525458107267e-21
398.6013986013986,3.9423779000201775e-21
398.80119880119884,4.158045828671058e-21
399.000999000999,3.677725507258421e-21
399.2007992007992,4.532243773282495e-21
399.4005994005994,5.997483981541372e-21
399.6003996003996,6.0694201996435485e-21
399.80019980019983,4.9369862024332125e-21
400.0,5.570599364093915e-21
400.1998001998002,5.65782458215115e-21
400.3996003996004,7.182318033707118e-21
400.5994005994006,6.262449226892931e-21
400.79920079920083,4.567847022861257e-21
400.999000999001,3.6272121128835754e-21
401.1988011988012,2.0112336475455693e-21
401.3986013986014,2.0576056323657968e-21
401.5984015984016,3.3058830459154097e-21
401.79820179820183,3.890561957308202e-21
401.998001998002,4.3086036009424445e-21
402.1978021978022,2.78810756539476e-21
402.3976023976024,2.463058848900088e-21
402.5974025974026,2.4483629339991083e-21
402.79720279720283,4.106962446601925e-21
402.997002997003,4.868951970845155e-21
403.1968031968032,5.513103852992466e-21
403.3966033966034,5.945845462287495e-21
403.5964035964036,4.277085969467242e-21
403.7962037962038,3.1662030027339414e-21
403.996003996004,2.4170008568040042e-21
404.1958041958042,2.9288377072963177e-21
404.39560439560444,2.240306555033629e-21
404.5954045954046,4.04618056284844e-21
404.7952047952048,6.451636457845766e-21
404.995004995005,4.9466951370778904e-21
405.1948051948052,5.253798067969146e-21
405.39460539460543,4.1291817926203e-21
405.5944055944056,3.5538316532607705e-21
405.7942057942058,3.3313696229682276e-21
405.994005994006,4.8697534580214316e-21
406.1938061938062,7.151550572717252e-21
406.39360639360643,6.60963306267001e-21
406.5934065934066,6.73379872736262e-21
406.7932067932068,9.650001199312871e-21
406.993006993007,8.697171251501249e-21
407.1928071928072,6.95246563706719e-21
407.39260739260743,3.528231441932224e-21
407.5924075924076,3.874656328097064e-21
407.7922077922078,3.16423617523609e-21
407.992007992008,5.414057612246316e-21
408.1918081918082,5.247443952666717e-21
408.39160839160843,2.9628720404512367e-21
408.5914085914086,2.4695288756351186e-21
408.7912087912088,3.750392816141487e-21
408.991008991009,5.130939986060965e-21
409.1908091908092,4.580757998413613e-21
409.3906093906094,4.840518838370159e-21
409.5904095904096,3.878933194220308e-21
409.7902097902098,4.8915624161188006e-21
409.99000999001,4.86027417219782e-21
410.1898101898102,4.380732893826069e-21
410.3896103896104,5.5669530548458334e-21
410.5894105894106,6.950291699311578e-21
410.7892107892108,4.864222908755692e-21
410.989010989011,4.4885446460684715e-21
411.1888111888112,5.5014964088275015e-21
411.3886113886114,5.391542374591265e-21
411.5884115884116,5.598361517214611e-21
411.7882117882118,5.908629382593636e-21
411.988011988012,5.072624525447733e-21
412.1878121878122,4.72536434724134e-21
412.3876123876124,5.943280403981964e-21
412.5874125874126,4.738597035855643e-21
412.7872127872128,6.955648495299834e-21
412.987012987013,9.155578773045725e-21
413.1868131868132,9.390564179727478e-21
413.3866133866134,5.74367219972589e-21
413.5864135864136,5.926439361272949e-21
413.7862137862138,5.820031103208568e-21
413.986013986014,7.793895678880547e-21
414.1858141858142,7.108048339960237e-21
414.3856143856144,7.30611722618092e-21
414.5854145854146,1.0151670929164188e-20
414.7852147852148,8.71326898361202e-21
414.985014985015,7.855637609798334e-21
415.1848151848152,6.509300773985031e-21
415.3846153846154,5.142965203497915e-21
415.5844155844156,4.108069325764998e-21
415.7842157842158,5.005689666123592e-21
415.984015984016,7.730428363971174e-21
416.1838161838162,1.1367549115287645e-20
416.3836163836164,9.739486276294526e-21
416.5834165834166,8.956592814769733e-21
416.7832167832168,6.8504469925332e-21
416.983016983017,4.664705089945454e-21
417.1828171828172,3.837841823555139e-21
417.3826173826174,5.4578127759537965e-21
417.5824175824176,5.797194374219758e-21
417.7822177822178,5.424168699071774e-21
417.982017982018,3.258100619754069e-21
418.1818181818182,3.752798547214336e-21
418.3816183816184,4.93276351586133e-21
418.5814185814186,5.737159672106014e-21
418.7812187812188,6.3386619566287224e-21
418.981018981019,8.764129938260054e-21
419.1808191808192,1.0238094196809506e-20
419.3806193806194,1.3755659738788725e-20
419.5804195804196,1.385917112987688e-20
419.7802197802198,5.8548629341226214e-21
419.98001998002,3.8524602126625785e-21
420.1798201798202,5.868318371927371e-21
420.3796203796204,5.288422351848418e-21
420.57942057942057,4.414306061807253e-21
420.7792207792208,4.562197447549368e-21
420.979020979021,3.654732842359358e-21
421.1788211788212,7.221788333133104e-21
421.3786213786214,7.263312673467428e-21
421.57842157842157,5.388824986882524e-21
421.7782217782218,6.7368000657020256e-21
421.978021978022,1.2782208840817413e-20
422.1778221778222,1.9214514113174936e-20
422.3776223776224,2.8455585604734573e-20
422.57742257742257,2.589642971358896e-20
422.7772227772228,9.410346214208221e-21
422.977022977023,5.349495472743861e-21
423.1768231768232,4.341195194694628e-21
423.3766233766234,4.5549041625053965e-21
423.57642357642357,5.105974575990606e-21
423.7762237762238,3.760577394326243e-21
423.976023976024,4.6945698190840644e-21
424.1758241758242,4.1837356387759186e-21
424.3756243756244,4.838230129450938e-21
424.57542457542456,6.624366588435133e-21
424.7752247752248,7.841101274431527e-21
424.975024975025,5.046093023678159e-21
425.1748251748252,4.331009925655818e-21
425.3746253746254,5.012541864259756e-21
425.57442557442556,4.718124885312735e-21
425.7742257742258,4.833538735841909e-21
425.974025974026,4.554201395344899e-21
426.17382617382617,4.4566191321342355e-21
426.3736263736264,5.0910805032422155e-21
426.5734265734266,6.25829324630681e-21
426.7732267732268,5.423020889909843e-21
426.973026973027,5.910680457508019e-21
427.17282717282717,3.831448545642641e-21
427.3726273726274,6.483004370346933e-21
427.5724275724276,8.405157299822799e-21
427.7722277722278,8.993975992669584e-21
427.972027972028,6.858644225256594e-21
428.17182817182817,4.304257991072012e-21
428.3716283716284,3.79626645088899e-21
428.5714285714286,3.4153456724980344e-21
428.7712287712288,5.029454079808825e-21
428.971028971029,6.270721774676498e-21
429.17082917082917,6.845702130302004e-21
429.3706293706294,6.83106079423696e-21
429.5704295704296,6.098187899615662e-21
429.7702297702298,5.027850599282818e-21
429.97002997003,5.617676569598235e-21
430.16983016983016,6.2111616413447534e-21
430.3696303696304,5.272374385006645e-21
430.5694305694306,6.348190384039168e-21
430.7692307692308,7.957307148962901e-21
430.969030969031,1.0173512969440577e-20
431.16883116883116,1.1192842831021635e-20
431.3686313686314,1.024121177099075e-20
431.5684315684316,8.46576808822166e-21
431.7682317682318,5.430301005995569e-21
431.968031968032,2.905944122171153e-21
432.16783216783216,2.528262677723379e-21
432.3676323676324,4.629493977338803e-21
432.5674325674326,6.224826998876231e-21
432.76723276723277,5.197012336378397e-21
432.967032967033,4.857731843373619e-21
433.16683316683316,4.66779849195654e-21
433.3666333666334,4.657971067561025e-21
433.5664335664336,4.3268870859686676e-21
433.76623376623377,3.7391259132371206e-21
433.966033966034,5.2153396687830774e-21
434.16583416583416,4.335919787337482e-21
434.3656343656344,4.295086533663358e-21
434.5654345654346,4.99165689835024e-21
434.76523476523477,4.639878871957876e-21
434.965034965035,5.032538836361989e-21
435.16483516483515,5.8062358506597134e-21
435.3646353646354,7.984144957048537e-21
435.5644355644356,8.999508024804309e-21
435.76423576423576,9.679286696689599e-21
435.964035964036,4.794192351110636e-21
436.16383616383615,4.365524022450378e-21
436.3636363636364,4.519617000603768e-21
436.5634365634366,4.978890354546283e-21
436.76323676323676,6.38807737979539e-21
436.963036963037,5.78071665928462e-21
437.16283716283715,7.00534053420203e-21
437.3626373626374,4.059848786548687e-21
437.5624375624376,4.5248682861986224e-21
437.76223776223776,5.7852411447506734e-21
437.962037962038,7.497932543330005e-21
438.1618381618382,7.329453700000794e-21
438.36163836163837,5.312917106164769e-21
438.5614385614386,6.111660521544069e-21
438.76123876123876,7.074604510550368e-21
438.961038961039,6.3078228537600344e-21
439.1608391608392,6.456761795424447e-21
439.36063936063937,6.585902812673928e-21
439.5604395604396,9.539443131053256e-21
439.76023976023976,1.3236016484672141e-20
439.96003996004,1.2527517128577633e-20
440.1598401598402,1.1994660205983706e-20
440.35964035964037,7.734920399024687e-21
440.5594405594406,5.513914596619341e-21
440.75924075924075,4.2911498656986075e-21
440.959040959041,5.2753143778891506e-21
441.1588411588412,4.877453170411303e-21
441.35864135864136,6.146940945112132e-21
441.5584415584416,1.0119105765329405e-20
441.75824175824175,8.731688544917999e-21
441.958041958042,4.8041842745666634e-21
442.1578421578422,4.003132696565511e-21
442.35764235764236,7.25937498402052e-21
442.5574425574426,6.82570887593953e-21
442.75724275724275,8.832438674813287e-21
442.957042957043,1.2082007562842882e-20
443.1568431568432,1.1914778432874772e-20
443.35664335664336,7.589709537568623e-21
443.5564435564436,7.177543508414555e-21
443.75624375624375,8.525202874670562e-21
443.95604395604397,7.592090384167198e-21
444.1558441558442,7.345895306353428e-21
444.35564435564436,5.667071699660165e-21
444.5554445554446,3.628967251308352e-21
444.75524475524475,5.145463090755948e-21
444.95504495504497,8.212112396190358e-21
445.1548451548452,1.0510747082670295e-20
445.35464535464536,1.031296737395845e-20
445.5544455544456,1.0763289185983223e-20
445.75424575424574,1.1135161713741901e-20
445.95404595404597,9.566253558291536e-21
446.1538461538462,6.093503164454448e-21
446.35364635364635,6.2519785259617255e-21
446.5534465534466,7.358218373711434e-21
446.75324675324674,5.587199731270121e-21
446.95304695304696,6.791690614670172e-21
447.1528471528472,7.844281955216308e-21
447.35264735264735,7.62761145562757e-21
447.5524475524476,1.1705839666890002e-20
447.75224775224774,9.978375615452386e-21
447.95204795204796,1.435113788098568e-20
448.1518481518482,1.5065905281942025e-20
448.35164835164835,1.429378994676046e-20
448.5514485514486,1.2595373105342947e-20
448.75124875124874,1.0774676022554445e-20
448.95104895104896,2.1411573388757266e-20
449.1508491508492,2.211507046549584e-20
449.35064935064935,1.4217982479229246e-20
449.55044955044957,9.958677433371773e-21
449.7502497502498,1.4353773505727727e-20
449.95004995004996,1.1778570244388682e-20
450.1498501498502,1.202462708555433e-20
450.34965034965035,1.367993608011717e-20
450.54945054945057,1.3512276873196559e-20
450.7492507492508,1.1218989278270617e-20
450.94905094905096,1.447834261783211e-20
451.1488511488512,1.4086855550101187e-20
451.34865134865134,1.0977665596714934e-20
451.54845154845157,1.466089233194926e-20
451.7482517482518,9.490787794231055e-21
451.94805194805195,1.2213968514644557e-20
452.1478521478522,1.4523822626826548e-20
452.34765234765234,1.6061020350110885e-20
452.54745254745256,1.8409803363246713e-20
452.7472527472528,1.9507133417174243e-20
452.94705294705295,1.7963968288487132e-20
453.1468531468532,1.7198082034865395e-20
453.34665334665334,1.811496817816216e-20
453.54645354645356,1.4471682990954203e-20
453.7462537462538,1.8842440197475327e-20
453.94605394605395,1.5739167333552295e-20
454.1458541458542,1.4867673865707184e-20
454.34565434565434,1.2399317522911654e-20
454.54545454545456,1.1462424925108994e-20
454.7452547452548,9.425751569111761e-21
454.94505494505495,6.6197118003171466e-21
455.14485514485517,6.832078426979726e-21
455.34465534465534,6.609130522320862e-21
455.54445554445556,8.892541996959329e-21
455.7442557442558,9.180283763150825e-21
455.94405594405595,1.0644248238025266e-20
456.14385614385617,8.199018325056317e-21
456.34365634365633,1.1106515763706507e-20
456.54345654345656,7.470434677496999e-21
456.7432567432568,8.27896743058762e-21
456.94305694305694,7.363004698475554e-21
457.14285714285717,9.43802770737471e-21
457.34265734265733,1.3015833018891663e-20
457.54245754245756,2.4480451257314466e-20
457.7422577422578,4.258985543302557e-20
457.94205794205794,2.3261463501924842e-20
458.14185814185817,9.344826494017383e-21
458.34165834165833,1.0893220637544597e-20
458.54145854145855,8.608689031712572e-21
458.7412587412588,8.40633954719986e-21
458.94105894105894,9.233264608748387e-21
459.14085914085916,1.1396065858111755e-20
459.34065934065933,1.1108458330973445e-20
459.54045954045955,6.492707164210758e-21
459.7402597402598,6.361821034053761e-21
459.94005994005994,5.116100826283909e-21
460.13986013986016,4.3368859717089884e-21
460.3396603396603,8.788149697519588e-21
460.53946053946055,9.035051544681014e-21
460.73926073926077,7.074897921669106e-21
460.93906093906094,5.1971540265021196e-21
461.13886113886116,7.977133673016794e-21
461.3386613386614,6.1404460739733295e-21
461.53846153846155,5.2799780594881365e-21
461.73826173826177,5.776159184071412e-21
461.93806193806194,6.855298832939423e-21
462.13786213786216,6.38784643511932e-21
462.3376623376624,4.165116483563399e-21
462.53746253746255,4.981674255028704e-21
462.73726273726277,6.49484887426635e-21
462.93706293706293,5.310824213628596e-21
463.13686313686316,7.071799157115415e-21
463.3366633366634,8.28325228248837e-21
463.53646353646354,1.2843618913346219e-20
463.73626373626377,1.11357855257626e-20
463.93606393606393,8.39500485759725e-21
464.13586413586415,9.552000438778724e-21
464.3356643356644,7.718469415036854e-21
464.53546453546454,6.705566731820019e-21
464.73526473526476,1.0971982104648647e-20
464.93506493506493,1.5034445135120803e-20
465.13486513486515,7.707575532194049e-21
465.3346653346654,5.664124524573137e-21
465.53446553446554,7.409694139165146e-21
465.73426573426576,7.243611939455899e-21
465.9340659340659,1.1776465913918729e-20
466.13386613386615,1.0049207214309181e-20
466.3336663336664,7.296446991278559e-21
466.53346653346654,5.0730466770118945e-21
466.73326673326676,5.296148626107793e-21
466.9330669330669,6.850998418353804e-21
467.13286713286715,5.54309798464362e-21
467.33266733266737,4.614330395298867e-21
467.53246753246754,4.115246701583398e-21
467.73226773226776,6.766710560324987e-21
467.9320679320679,5.193631957623683e-21
468.13186813186815,3.3842085349199405e-21
468.33166833166837,3.3852850401260177e-21
468.53146853146853,2.319504323475013e-21
468.73126873126876,1.9392984429982716e-21
468.9310689310689,2.19550600202655e-21
469.13086913086914,2.245594307525548e-21
469.33066933066937,2.3636469841228494e-21
469.53046953046953,4.101320438678586e-21
469.73026973026975,3.836047643991068e-21
469.9300699300699,3.952122968228691e-21
470.12987012987014,4.264137102526761e-21
470.32967032967036,2.4880613606361655e-21
470.52947052947053,3.044861581707705e-21
470.72927072927075,2.8558981189570874e-21
470.9290709290709,3.0381548172695487e-21
471.12887112887114,3.952171116712881e-21
471.32867132867136,3.459344567446889e-21
471.5284715284715,4.828404189387957e-21
471.72827172827175,5.661085125262687e-21
471.928071928072,4.313860681582758e-21
472.12787212787214,5.437693019430798e-21
472.32767232767236,9.602197010138342e-21
472.5274725274725,5.6055487308373804e-21
472.72727272727275,6.54938278790304e-21
472.92707292707297,8.916365676709757e-21
473.12687312687314,5.691732696601656e-21
473.32667332667336,3.633694919138061e-21
473.5264735264735,3.5570725082493514e-21
473.72627372627375,5.924558389085725e-21
473.92607392607397,5.141123705498536e-21
474.12587412587413,7.157200078012572e-21
474.32567432567436,6.576082461236689e-21
474.5254745254745,7.009208671822783e-21
474.72527472527474,8.225325520832919e-21
474.92507492507497,9.617913288307297e-21
475.12487512487513,1.087156763567623e-20
475.32467532467535,1.1618346786275341e-20
475.5244755244755,9.237051600853142e-21
475.72427572427574,9.067038837238686e-21
475.92407592407596,9.094137455566376e-21
476.12387612387613,6.3881587108201214e-21
476.32367632367635,5.055928364513711e-21
476.5234765234765,7.501143972371865e-21
476.72327672327674,9.929760535967043e-21
476.92307692307696,1.0109125523991063e-20
477.1228771228771,9.161949659940652e-21
477.32267732267735,6.160761409244734e-21
477.5224775224775,8.152712263157594e-21
477.72227772227774,1.052454705285418e-20
477.92207792207796,1.1220117237583266e-20
478.1218781218781,3.053786917452985e-20
478.32167832167835,4.171005383137251e-20
478.5214785214785,2.8924294314965473e-20
478.72127872127874,2.6625314118000703e-20
478.92107892107896,3.523567694745465e-20
479.1208791208791,5.175042060861329e-20
479.32067932067935,3.156729557967162e-20
479.5204795204795,1.6713374700875393e-20
479.72027972027973,1.3917345343953237e-20
479.92007992007996,1.3366535611209771e-20
480.1198801198801,9.342854364177323e-21
480.31968031968034,5.500258277843101e-21
480.5194805194805,7.013221919799157e-21
480.71928071928073,9.704494924908549e-21
480.91908091908095,1.0755257023943567e-20
481.1188811188811,1.1111510662577796e-20
481.31868131868134,7.606022911598769e-21
481.5184815184815,6.5670742825427034e-21
481.71828171828173,9.743716053676854e-21
481.91808191808195,1.2079867072782835e-20
482.1178821178821,1.0178115010461216e-20
482.31768231768234,8.573073818406721e-21
482.5174825174825,6.296185411087259e-21
482.7172827172827,6.3212072029176516e-21
482.91708291708295,1.3850147611027048e-20
483.1168831168831,1.4477761803107012e-20
483.31668331668334,1.0007400279788212e-20
483.51648351648356,7.138518592145825e-21
483.7162837162837,1.1679466544775143e-20
483.91608391608395,9.868373366517233e-21
484.1158841158841,9.656789038176954e-21
484.31568431568434,7.549099003647863e-21
484.51548451548456,6.901149630029142e-21
484.7152847152847,6.229014282035733e-21
484.91508491508495,7.930770546343624e-21
485.1148851148851,1.1235364497087331e-20
485.31468531468533,1.1647067652452606e-20
485.51448551448556,1.2767568602286765e-20
485.7142857142857,1.1740199824700706e-20
485.91408591408594,1.1287774454687657e-20
486.1138861138861,1.411283628179648e-20
486.31368631368633,1.0609622046258279e-20
486.51348651348655,4.6616057540963645e-21
486.7132867132867,2.965078874706806e-21
486.91308691308694,4.133332717554763e-21
487.1128871128871,6.159526920205012e-21
487.31268731268733,5.791352892017967e-21
487.51248751248755,1.058872237399602e-20
487.7122877122877,8.257981412306678e-21
487.91208791208794,8.365844972413955e-21
488.1118881118881,1.361609289353799e-20
488.31168831168833,1.4509116175749922e-20
488.51148851148855,1.1478964616224884e-20
488.7112887112887,9.81696505544148e-21
488.91108891108894,1.2168495457067624e-20
489.1108891108891,1.92383049189183e-20
489.3106893106893,2.5025117267227355e-20
489.51048951048955,2.2891970782780202e-20
489.7102897102897,2.3743717803098063e-20
489.91008991008994,2.8578038374767426e-20
490.1098901098901,3.116433624258021e-20
490.3096903096903,2.3720778290794235e-20
490.50949050949055,1.9442254593081836e-20
490.7092907092907,1.7996995995288092e-20
490.90909090909093,1.9863781522440904e-20
491.1088911088911,1.748234479168404e-20
491.3086913086913,1.427839007816848e-20
491.50849150849155,1.9660572205698208e-20
491.7082917082917,2.6583901751701284e-20
491.90809190809193,1.819165780105705e-20
492.1078921078921,1.4441559894141964e-20
492.3076923076923,1.193394666344018e-20
492.50749250749254,1.4250859545533308e-20
492.7072927072927,2.766296183468931e-20
492.90709290709293,2.17184050549876e-20
493.1068931068931,1.5989362469247774e-20
493.3066933066933,1.4815180402166102e-20
493.50649350649354,1.8406215801661473e-20
493.7062937062937,1.883048958586844e-20
493.90609390609393,1.9713982660907793e-20
494.1058941058941,1.787511938415758e-20
494.3056943056943,1.3496040760961011e-20
494.50549450549454,1.1657352423118173e-20
494.7052947052947,1.9552608380780938e-20
494.9050949050949,1.556247869503036e-20
495.10489510489515,1.5003788802267108e-20
495.3046953046953,1.6584853792992812e-20
495.50449550449554,1.7953313975494576e-20
495.7042957042957,1.7996653020731843e-20
495.9040959040959,1.6338820886220537e-20
496.10389610389615,1.0114997118991845e-20
496.3036963036963,1.601772909257655e-20
496.50349650349654,2.1202307844403888e-20
496.7032967032967,2.364697410527494e-20
496.9030969030969,3.015670455886539e-20
497.10289710289715,2.819993850799455e-20
497.3026973026973,2.9683211238447496e-20
497.50249750249753,2.461561060979725e-20
497.7022977022977,2.9595671692730323e-20
497.9020979020979,1.976378847714383e-20
498.10189810189814,1.6230191668562115e-20
498.3016983016983,1.4908079041702513e-20
498.50149850149853,1.5451689750467228e-20
498.7012987012987,1.287622331673806e-20
498.9010989010989,1.275697860634464e-20
499.10089910089914,1.7438939925924118e-20
499.3006993006993,2.3544263752290738e-20
499.50049950049953,3.3625216655389015e-20
499.7002997002997,3.785268419836601e-20
499.9000999000999,4.6511222351839747e-20
500.09990009990014,4.235108755986221e-20
500.2997002997003,3.4282667590855384e-20
500.4995004995005,2.844958316280381e-20
500.6993006993007,2.223004459700142e-20
500.8991008991009,2.3974074762259707e-20
501.09890109890114,2.134325187365927e-20
501.2987012987013,1.6677971690021292e-20
501.4985014985015,1.4449271795333258e-20
501.6983016983017,1.48930206588246e-20
501.8981018981019,1.5571982492320607e-20
502.09790209790214,1.5059483673285963e-20
502.2977022977023,1.318428598773099e-20
502.4975024975025,1.0153582778094078e-20
502.6973026973027,1.0603133215503441e-20
502.8971028971029,1.139521618858737e-20
503.09690309690313,1.7973882517825696e-20
503.2967032967033,1.882956688932439e-20
503.4965034965035,1.3244197004773472e-20
503.6963036963037,2.179070356489184e-20
503.8961038961039,6.482274969324845e-20
504.09590409590413,2.951200402763408e-20
504.2957042957043,1.9284219802700786e-20
504.4955044955045,2.666435936915911e-20
504.6953046953047,2.223996192631326e-20
504.8951048951049,1.5908335859625766e-20
505.09490509490513,2.4982131966916288e-20
505.2947052947053,4.129441291029783e-20
505.4945054945055,2.85078059910283e-20
505.6943056943057,2.0945047316552694e-20
505.8941058941059,1.967501546333095e-20
506.0939060939061,1.8524806175235533e-20
506.2937062937063,2.990643467018906e-20
506.4935064935065,3.3408390874973487e-20
506.69330669330674,4.0355981861612764e-20
506.8931068931069,5.3796533661658053e-20
507.0929070929071,5.272456226172326e-20
507.2927072927073,3.7274268343485627e-20
507.4925074925075,2.79655038524985e-20
507.69230769230774,3.1533466654654695e-20
507.8921078921079,4.336282149383276e-20
508.0919080919081,4.0538156471328895e-20
508.2917082917083,2.6684303431340495e-20
508.4915084915085,2.721435633973337e-20
508.69130869130873,2.825039835279989e-20
508.8911088911089,3.116456829259905e-20
509.0909090909091,5.435890030007027e-20
509.2907092907093,6.360867006284858e-20
509.4905094905095,4.450287293027757e-20
509.69030969030973,4.039633154187684e-20
509.8901098901099,6.806967970590018e-20
510.0899100899101,7.38815449384367e-20
510.2897102897103,7.385088238055197e-20
510.4895104895105,8.535244131875965e-20
510.68931068931073,6.694360505187938e-20
510.8891108891109,7.958014640528544e-20
511.0889110889111,6.432704216258829e-20
511.2887112887113,4.66144096860118e-20
511.4885114885115,6.685761679001593e-20
511.6883116883117,3.3582943196807954e-20
511.8881118881119,2.0668988907638093e-20
512.0879120879121,2.2558021143311147e-20
512.2877122877123,1.6870676768262415e-20
512.4875124875125,1.6689323591997896e-20
512.6873126873127,1.425643399208621e-20
512.887112887113,1.5996880163167655e-20
513.0869130869131,2.029178834972219e-20
513.2867132867133,2.0395663938160872e-20
513.4865134865136,2.1855882775410293e-20
513.6863136863137,2.5237607552647058e-20
513.8861138861139,2.4362710412137227e-20
514.085914085914,2.849470720481e-20
514.2857142857143,4.224956916387727e-20
514.4855144855145,2.8566648816839606e-20
514.6853146853147,2.9041879423138367e-20
514.885114885115,4.6536116959047327e-20
515.0849150849151,6.302631707050121e-20
515.2847152847153,5.1972271016433375e-20
515.4845154845156,5.613296181058979e-20
515.6843156843157,7.40199793748152e-20
515.8841158841159,7.383020934833444e-20
516.083916083916,7.297257705203335e-20
516.2837162837163,6.790149239326707e-20
516.4835164835165,3.995816078194135e-20
516.6833166833167,3.4428300729786035e-20
516.8831168831169,2.575881508360412e-20
517.0829170829171,3.853192842691609e-20
517.2827172827173,4.057172370210653e-20
517.4825174825176,3.40079536397514e-20
517.6823176823177,4.065424221149197e-20
517.8821178821179,5.3053146676896096e-20
518.081918081918,7.485669380038727e-20
518.2817182817183,6.114629164450666e-20
518.4815184815185,6.419174110740772e-20
518.6813186813187,6.3342239087548e-20
518.8811188811189,4.907544430763713e-20
519.0809190809191,7.003520498570489e-20
519.2807192807193,1.0386435352721265e-19
519.4805194805195,1.0473814826814935e-19
519.6803196803197,8.26687679864763e-20
519.8801198801199,7.32726916417598e-20
520.07992007992,8.061399122923847e-20
520.2797202797203,7.80343428282553e-20
520.4795204795205,5.922089740211773e-20
520.6793206793207,5.617684325301755e-20
520.8791208791209,7.150273490485342e-20
521.0789210789211,8.663426564171922e-20
521.2787212787213,8.299357356414573e-20
521.4785214785215,5.448845162541355e-20
521.6783216783217,7.63263722814204e-20
521.8781218781219,6.809708088344562e-20
522.077922077922,5.907549374460126e-20
522.2777222777223,5.467744438618855e-20
522.4775224775225,5.497413934433716e-20
522.6773226773226,7.088785893484608e-20
522.8771228771229,6.39250554236301e-20
523.0769230769231,7.67099307259227e-20
523.2767232767233,8.05497108475177e-20
523.4765234765235,6.184466832246225e-20
523.6763236763237,8.27401750905477e-20
523.8761238761239,9.589433875377428e-20
524.0759240759241,1.112804907696601e-19
524.2757242757243,1.0091667326581545e-19
524.4755244755245,9.382250422866501e-20
524.6753246753246,1.4575465378172976e-19
524.8751248751249,9.965841639471644e-20
525.0749250749251,5.572899946364651e-20
525.2747252747253,6.141638003541068e-20
525.4745254745255,7.252623471949507e-20
525.6743256743257,9.373329061375359e-20
525.8741258741259,7.850524401833269e-20
526.0739260739261,4.6985170876596033e-20
526.2737262737263,4.7030384519328286e-20
526.4735264735265,1.0218074176702109e-19
526.6733266733266,7.994436705093261e-20
526.8731268731269,8.593528369681563e-20
527.0729270729271,8.872850800846655e-20
527.2727272727273,1.0354473676824191e-19
527.4725274725275,1.4228596617103492e-19
527.6723276723277,1.3115324581956922e-19
527.8721278721279,1.7912600829934594e-19
528.0719280719281,1.9117627861811876e-19
528.2717282717283,1.6263222923646685e-19
528.4715284715285,1.5630347693628428e-19
528.6713286713286,1.0582887761386784e-19
528.8711288711289,1.1078747336724667e-19
529.0709290709291,1.3103865674328133e-19
529.2707292707292,2.1243830312865034e-19
529.4705294705295,2.7942889458613697e-19
529.6703296703297,1.38042056767855e-19
529.8701298701299,1.4655455150029623e-19
530.0699300699301,1.6878343619986571e-19
530.2697302697303,2.3088517194083994e-19
530.4695304695305,2.568607552794716e-19
530.6693306693306,2.9124020243702324e-19
530.8691308691309,2.0588250608880036e-19
531.0689310689311,1.4054821957167846e-19
531.2687312687312,8.186736407825168e-20
531.4685314685315,7.475533505758395e-20
531.6683316683317,1.0238368526358957e-19
531.8681318681319,1.3256551247359636e-19
532.0679320679321,1.5107225243175195e-19
532.2677322677323,9.400036123207542e-20
532.4675324675325,1.08875680717078e-19
532.6673326673326,1.050639467118707e-19
532.8671328671329,1.1855230454569203e-19
533.0669330669331,1.1495463932658325e-19
533.2667332667332,1.449533369598908e-19
533.4665334665335,1.665987372733136e-19
533.6663336663337,1.7554591035351133e-19
533.8661338661339,1.796055002765738e-19
534.0659340659341,1.5599906489447678e-19
534.2657342657343,1.9454286764232693e-19
534.4655344655345,1.8056613298919127e-19
534.6653346653347,1.8498689644793428e-19
534.8651348651349,2.466311156937613e-19
535.0649350649351,3.5252496289203235e-19
535.2647352647352,2.425960899752518e-19
535.4645354645355,1.6375569069571962e-19
535.6643356643357,2.092736535065458e-19
535.8641358641358,3.6387926182013933e-19
536.0639360639361,2.733045206598596e-19
536.2637362637363,2.318976581531224e-19
536.4635364635365,2.7943277544592894e-19
536.6633366633367,3.1302369269761016e-19
536.8631368631369,2.6956721298389614e-19
537.0629370629371,1.723617287419407e-19
537.2627372627372,8.404797603478842e-20
537.4625374625375,1.165180463408037e-19
537.6623376623377,1.1567172947629954e-19
537.8621378621378,1.152127833682384e-19
538.0619380619381,1.0636451160337873e-19
538.2617382617383,1.1225657686667926e-19
538.4615384615385,1.123283773593401e-19
538.6613386613387,9.269084054732901e-20
538.8611388611389,1.0407341258874715e-19
539.0609390609391,1.1420548700262433e-19
539.2607392607392,1.0448939880299905e-19
539.4605394605395,8.950104962907939e-20
539.6603396603397,1.3968171357720202e-19
539.8601398601398,1.7843298516460302e-19
540.0599400599401,1.5066575950250715e-19
540.2597402597403,1.8053273766291366e-19
540.4595404595404,1.4397383125514497e-19
540.6593406593407,2.0630054476695208e-19
540.8591408591409,1.6831900517670237e-19
541.0589410589411,1.4769704736173345e-19
541.2587412587412,1.5806782818752677e-19
541.4585414585415,1.815963874774637e-19
541.6583416583417,2.7439772749506063e-19
541.8581418581418,1.9692663238489646e-19
542.0579420579421,1.6925196803149422e-19
542.2577422577423,2.8592532631269727e-19
542.4575424575424,5.12110994260917e-19
542.6573426573427,4.512026605598869e-19
542.8571428571429,4.878178560136089e-19
543.056943056943,3.311834680232386e-19
543.2567432567432,1.7571856347174528e-19
543.4565434565435,2.402067343969954e-19
543.6563436563437,1.9401898841552145e-19
543.8561438561438,1.7114437935888685e-19
544.0559440559441,1.693072362921314e-19
544.2557442557443,1.611241783640297e-19
544.4555444555444,1.515732860011922e-19
544.6553446553447,1.5067161279346538e-19
544.8551448551449,1.1329472524013875e-19
545.054945054945,1.5253091121036336e-19
545.2547452547452,1.2289462416272096e-19
545.4545454545455,1.2641314901508355e-19
545.6543456543457,1.7965812854385236e-19
545.8541458541458,1.4939881101257544e-19
546.0539460539461,1.1598785547069813e-19
546.2537462537463,1.0777135958541487e-19
546.4535464535464,8.454625562318807e-20
546.6533466533467,7.50812417876696e-20
546.8531468531469,7.862803283765236e-20
547.052947052947,5.0481382101124394e-20
547.2527472527473,6.710480829181266e-20
547.4525474525475,5.959620026148061e-20
547.6523476523477,6.055362531205387e-20
547.8521478521478,6.636775963461484e-20
548.0519480519481,4.777285548042257e-20
548.2517482517483,5.767504750840492e-20
548.4515484515484,5.612990464260511e-20
548.6513486513487,5.904618060197659e-20
548.8511488511489,4.844314503132029e-20
549.050949050949,7.135633607264897e-20
549.2507492507493,8.133802198508723e-20
549.4505494505495,6.335472365262451e-20
549.6503496503497,5.586642726705836e-20
549.8501498501498,8.737772978144162e-20
550.0499500499501,8.683670376977142e-20
550.2497502497503,6.135522190254463e-20
550.4495504495504,7.43700043995512e-20
550.6493506493507,8.207794611477968e-20
550.8491508491509,6.349995888089153e-20
551.048951048951,6.931711406509811e-20
551.2487512487513,5.401896429473625e-20
551.4485514485515,5.42953465603641e-20
551.6483516483516,6.477589938949715e-20
551.8481518481518,8.805804470805086e-20
552.0479520479521,7.227278442296206e-20
552.2477522477523,5.795636798619926e-20
552.4475524475524,5.785904183232577e-20
552.6473526473527,4.527958768171437e-20
552.8471528471529,3.834941277423079e-20
553.046953046953,6.917251380750864e-20
553.2467532467533,7.779281348053677e-20
553.4465534465535,6.973078113822256e-20
553.6463536463536,5.650586783189582e-20
553.8461538461538,5.299893072128741e-20
554.0459540459541,6.431109035513321e-20
554.2457542457543,7.57247765204728e-20
554.4455544455544,4.463422687376575e-20
554.6453546453547,2.931488062016879e-20
554.8451548451549,2.579896247510425e-20
555.044955044955,3.805898467712805e-20
555.2447552447553,7.099473684929883e-20
555.4445554445555,7.433346133940356e-20
555.6443556443556,3.0027325133380613e-20
555.8441558441558,3.008692864151857e-20
556.0439560439561,3.3892799906430785e-20
556.2437562437563,4.3336998808090386e-20
556.4435564435564,4.848444975340765e-20
556.6433566433567,4.7854972911140494e-20
556.8431568431569,3.8264541936061166e-20
557.042957042957,4.661229837273356e-20
557.2427572427573,4.823847196439374e-20
557.4425574425575,5.423016338481202e-20
557.6423576423576,4.764838549624808e-20
557.8421578421579,4.458764980331221e-20
558.0419580419581,4.9672624367749685e-20
558.2417582417582,4.8051990569006484e-20
558.4415584415584,6.178353108879422e-20
558.6413586413587,7.561872604308736e-20
558.8411588411589,5.1064197202512134e-20
559.040959040959,5.68878047882255e-20
559.2407592407593,4.053484972506385e-20
559.4405594405595,8.486471177854597e-20
559.6403596403596,8.027172282226048e-20
559.8401598401599,4.8609839980252355e-20
560.0399600399601,4.4650441988281837e-20
560.2397602397602,4.7161588067653746e-20
560.4395604395604,7.566468215147233e-20
560.6393606393607,6.323622939278257e-20
560.8391608391609,6.873966451578772e-20
561.038961038961,4.7071874638037116e-20
561.2387612387613,5.366606041909039e-20
561.4385614385615,6.170913738470837e-20
561.6383616383616,4.453604640942076e-20
561.8381618381619,5.2691952487085963e-20
562.0379620379621,5.530267039640063e-20
562.2377622377622,5.3740085984835245e-20
562.4375624375624,3.7057261519934587e-20
562.6373626373627,5.0604300775352425e-20
562.8371628371629,5.1652746823121313e-20
563.036963036963,3.516970934498168e-20
563.2367632367633,4.9533754790231123e-20
563.4365634365635,5.004408718352934e-20
563.6363636363636,3.893568510447258e-20
563.8361638361639,4.8585440103905447e-20
564.0359640359641,5.231984483188758e-20
564.2357642357642,5.083826491820443e-20
564.4355644355644,4.822876686570428e-20
564.6353646353647,6.734391290446958e-20
564.8351648351648,6.454140993106661e-20
565.034965034965,4.3111092540722045e-20
565.2347652347653,4.164336058674817e-20
565.4345654345655,5.426095326748414e-20
565.6343656343656,5.307611601587171e-20
565.8341658341659,5.169831712080836e-20
566.0339660339661,4.718378512941916e-20
566.2337662337662,6.244686590125768e-20
566.4335664335664,5.171344045929318e-20
566.6333666333667,4.8153069412948844e-20
566.8331668331668,4.306743274842258e-20
567.032967032967,3.718756858382474e-20
567.2327672327673,3.6222282774922305e-20
567.4325674325675,2.7213457500095295e-20
567.6323676323676,2.5165486607631954e-20
567.8321678321679,2.1347813795334293e-20
568.0319680319681,1.9351888178559643e-20
568.2317682317682,2.834889660220299e-20
568.4315684315685,1.9313589689107877e-20
568.6313686313687,1.909538829483375e-20
568.8311688311688,2.25881453067502e-20
569.030969030969,3.078162213832074e-20
569.2307692307693,4.459929428865007e-20
569.4305694305694,3.4782216618674606e-20
569.6303696303696,4.7261470847921497e-20
569.8301698301699,4.723871061614446e-20
570.0299700299701,4.806142285935254e-20
570.2297702297702,5.3618391156584885e-20
570.4295704295705,5.3497989777549224e-20
570.6293706293707,5.021266894869573e-20
570.8291708291708,5.835937493271158e-20
571.028971028971,4.360738695679326e-20
571.2287712287713,3.273874874451052e-20
571.4285714285714,2.957766053510537e-20
571.6283716283716,3.513632655982214e-20
571.8281718281719,5.399165603233701e-20
572.027972027972,4.346612793560706e-20
572.2277722277722,3.5699717435690684e-20
572.4275724275725,4.5923402575972066e-20
572.6273726273727,5.294410365233817e-20
572.8271728271728,7.54031633679956e-20
573.026973026973,7.20876723827154e-20
573.2267732267733,4.4877514233467343e-20
573.4265734265734,2.4220202727530795e-20
573.6263736263736,1.7718924821979256e-20
573.8261738261739,2.5883788992537238e-20
574.025974025974,2.8401471511272167e-20
574.2257742257742,1.9175012667252558e-20
574.4255744255745,1.431029133904227e-20
574.6253746253747,2.156699236968979e-20
574.8251748251748,1.89290676640818e-20
575.024975024975,3.273328402932793e-20
575.2247752247753,2.995986124098217e-20
575.4245754245754,2.8072540051902577e-20
575.6243756243756,3.172895056111426e-20
575.8241758241759,4.0219559215643024e-20
576.023976023976,5.290392044220099e-20
576.2237762237762,4.081210226133705e-20
576.4235764235765,3.7809529091103144e-20
576.6233766233767,3.707860539146983e-20
576.8231768231768,3.3868257219973297e-20
577.022977022977,3.159014991959752e-20
577.2227772227773,2.6355097587826424e-20
577.4225774225774,2.875110952027113e-20
577.6223776223776,3.4244094878663354e-20
577.8221778221779,2.725279336572655e-20
578.021978021978,3.354042975303029e-20
578.2217782217782,3.291966980605157e-20
578.4215784215785,4.426397460708965e-20
578.6213786213787,3.5097648182507154e-20
578.8211788211788,4.023928964911526e-20
579.020979020979,6.480105112255633e-20
579.2207792207793,5.87507962120243e-20
579.4205794205794,5.500947996909572e-20
579.6203796203796,5.359201276139753e-20
579.8201798201799,5.405344964294891e-20
580.01998001998,4.062913498983602e-20
580.2197802197802,3.5504782127570695e-20
580.4195804195805,2.768253499059889e-20
580.6193806193806,2.73692274896822e-20
580.8191808191808,2.9233814446273033e-20
581.0189810189811,4.112470174760668e-20
581.2187812187813,4.8303185039031206e-20
581.4185814185814,4.045971891550524e-20
581.6183816183816,2.4564164669073965e-20
581.8181818181819,2.776962517676365e-20
582.017982017982,2.7743781997608566e-20
582.2177822177822,2.5004155868353005e-20
582.4175824175825,2.8432703570297374e-20
582.6173826173826,3.1767796856538833e-20
582.8171828171828,2.0840444505125377e-20
583.0169830169831,2.5234062240388784e-20
583.2167832167833,2.5986780560371815e-20
583.4165834165834,3.177760607560493e-20
583.6163836163836,3.4163979733312973e-20
583.8161838161839,3.2040781008403274e-20
584.015984015984,3.3877687018987085e-20
584.2157842157842,2.631924229616487e-20
584.4155844155845,1.9112796711015123e-20
584.6153846153846,1.750241853661646e-20
584.8151848151848,2.2289653163694466e-20
585.0149850149851,2.695491384731701e-20
585.2147852147853,2.779204261613745e-20
585.4145854145854,3.9299661554574664e-20
585.6143856143856,4.7148304481667023e-20
585.8141858141859,4.874854989745349e-20
586.013986013986,4.5727516843060274e-20
586.2137862137862,4.0452474878259694e-20
586.4135864135865,4.234453156500925e-20
586.6133866133866,4.15182763696744e-20
586.8131868131868,4.9724420157230367e-20
587.0129870129871,5.795519873048025e-20
587.2127872127872,7.942587498497403e-20
587.4125874125874,5.609341497009766e-20
587.6123876123876,7.998492674680762e-20
587.8121878121879,1.3083838220342315e-19
588.011988011988,1.5194828495269162e-19
588.2117882117882,1.036863715838652e-19
588.4115884115885,6.700073210004246e-20
588.6113886113886,6.467892466483651e-20
588.8111888111888,8.758646748814179e-20
589.0109890109891,8.72200832064456e-20
589.2107892107892,7.72334867739555e-20
589.4105894105894,6.843879733728407e-20
589.6103896103896,4.3481794144538584e-20
589.8101898101899,3.649246480652364e-20
590.00999000999,4.0339447761342474e-20
590.2097902097902,2.8329936571362296e-20
590.4095904095905,2.6164536181391317e-20
590.6093906093906,2.3464812037492903e-20
590.8091908091908,2.2403403803172617e-20
591.0089910089911,2.1694037371718294e-20
591.2087912087912,1.789940352639423e-20
591.4085914085914,1.4865504093325303e-20
591.6083916083917,2.5603885290677827e-20
591.8081918081919,2.9354357900706774e-20
592.007992007992,2.5862567471078883e-20
592.2077922077922,1.7442054899422796e-20
592.4075924075925,1.4790298243168245e-20
592.6073926073926,1.9735953641714752e-20
592.8071928071928,2.2883906662742145e-20
593.0069930069931,2.1491164508527785e-20
593.2067932067932,1.4409287320989617e-20
593.4065934065934,1.332146409445794e-20
593.6063936063937,1.394580714707105e-20
593.8061938061938,1.0989305662123768e-20
594.005994005994,1.075079058094297e-20
594.2057942057942,1.1841080832504496e-20
594.4055944055945,1.4810211605594083e-20
594.6053946053946,1.6227095602617752e-20
594.8051948051948,1.7720042214278508e-20
595.0049950049951,1.5907427191923568e-20
595.2047952047952,1.3352778199049374e-20
595.4045954045954,2.277545259002126e-20
595.6043956043957,2.1972183685339417e-20
595.8041958041958,1.674142623922412e-20
596.003996003996,9.084250830511733e-21
596.2037962037962,7.484803472996756e-21
596.4035964035965,1.3940857374581e-20
596.6033966033966,1.3850586243385465e-20
596.8031968031968,1.5557646433652942e-20
597.0029970029971,1.5800103426066313e-20
597.2027972027972,1.4399413781573085e-20
597.4025974025974,2.1143655053497757e-20
597.6023976023977,1.6910977876187952e-20
597.8021978021978,1.1945761957326299e-20
598.001998001998,1.4535551664693643e-20
598.2017982017982,1.6207751584783547e-20
598.4015984015984,1.0526387871038037e-20
598.6013986013986,9.773830779177963e-21
598.8011988011988,7.494387424652268e-21
599.0009990009991,1.2769542964133304e-20
599.2007992007992,1.2100535971839166e-20
599.4005994005994,8.196657088572225e-21
599.6003996003997,8.131067028367317e-21
599.8001998001998,8.971088539637793e-21
600.0,6.931784022067921e-21
600.1998001998002,7.871360331256213e-21
600.3996003996004,1.0757280112831581e-20
600.5994005994006,9.036594263432067e-21
600.7992007992008,8.367781463145679e-21
600.999000999001,1.1686318994284037e-20
601.1988011988012,8.453552825660575e-21
601.3986013986014,7.284284122192611e-21
601.5984015984017,5.384661914962604e-21
601.7982017982018,8.409040723315452e-21
601.998001998002,1.3627290761476334e-20
602.1978021978022,1.6185439232212234e-20
602.3976023976024,1.540880466174697e-20
602.5974025974026,1.2295499543609991e-20
602.7972027972028,1.1680390681521107e-20
602.997002997003,9.19297898432836e-21
603.1968031968032,1.0842756464571606e-20
603.3966033966034,1.2133575880937518e-20
603.5964035964037,1.5925237806545915e-20
603.7962037962038,1.4097700507377183e-20
603.996003996004,9.113571381202313e-21
604.1958041958043,7.317109541545261e-21
604.3956043956044,6.617688254881692e-21
604.5954045954046,8.82510579180672e-21
604.7952047952048,1.0287844884245416e-20
604.995004995005,5.3647108539899344e-21
605.1948051948052,4.482285180389641e-21
605.3946053946054,4.3058978856853e-21
605.5944055944057,3.774277957420598e-21
605.7942057942058,4.822679486663203e-21
605.994005994006,4.984470739411389e-21
606.1938061938063,3.362966339852926e-21
606.3936063936064,3.757212311689524e-21
606.5934065934066,3.4024727658088266e-21
606.7932067932068,2.8263577512823494e-21
606.993006993007,2.7215556445225962e-21
607.1928071928072,1.9034768187107614e-21
607.3926073926074,1.618998193709579e-21
607.5924075924077,1.1469308063515835e-21
607.7922077922078,2.3550038482762256e-21
607.992007992008,2.317779296198225e-21
608.1918081918083,1.8002198910849627e-21
608.3916083916084,3.941435102835819e-21
608.5914085914086,5.154929985952169e-21
608.7912087912088,4.02716364994379e-21
608.991008991009,2.9535547208599805e-21
609.1908091908092,3.1023719890804782e-21
609.3906093906094,2.6340300668758695e-21
609.5904095904096,3.698619131634861e-21
609.7902097902098,3.8985745441201304e-21
609.99000999001,2.6922298240884857e-21
610.1898101898103,3.337442743956683e-21
610.3896103896104,4.004654142126244e-21
610.5894105894106,2.2702344606908824e-21
610.7892107892108,3.8401903207534955e-21
610.989010989011,5.197493332842219e-21
611.1888111888112,4.671347184764907e-21
611.3886113886114,5.03733618928717e-21
611.5884115884116,4.055504226038803e-21
611.7882117882118,2.999077838909579e-21
611.988011988012,5.0929687304714576e-21
612.1878121878123,5.8996888957193356e-21
612.3876123876124,6.554823550437849e-21
612.5874125874126,6.6833780027124606e-21
612.7872127872128,6.077214676638222e-21
612.987012987013,5.378089389894531e-21
613.1868131868132,5.207404859189184e-21
613.3866133866134,8.492682043464186e-21
613.5864135864136,9.658139264238076e-21
613.7862137862138,6.661406025925577e-21
613.986013986014,6.801047361668395e-21
614.1858141858143,6.78815245930521e-21
614.3856143856144,6.943989869431415e-21
614.5854145854146,6.51759236651511e-21
614.7852147852149,7.273654889595476e-21
614.985014985015,6.572963989273534e-21
615.1848151848152,4.913510477109251e-21
615.3846153846154,5.63245298288996e-21
615.5844155844156,4.926011135508681e-21
615.7842157842158,4.3173771222910425e-21
615.984015984016,3.6920658221276576e-21
616.1838161838162,3.942806213046546e-21
616.3836163836164,2.6263333563835463e-21
616.5834165834166,3.0505440147114966e-21
616.7832167832169,1.9607602668300743e-21
616.983016983017,1.1799711922313001e-21
617.1828171828172,1.3098343184647676e-21
617.3826173826174,1.776641411606733e-21
617.5824175824176,1.814894237497157e-21
617.7822177822178,1.6608380612420666e-21
617.982017982018,1.73942601960519e-21
618.1818181818182,1.2223426768476331e-21
618.3816183816184,1.6327947701654946e-21
618.5814185814186,1.0585456802553097e-21
618.7812187812189,1.528701447603344e-21
618.981018981019,1.282234569738238e-21
619.1808191808192,7.804180151073769e-22
619.3806193806194,1.1093278624918573e-21
619.5804195804196,1.2846045589707588e-21
619.7802197802198,1.2607848863370995e-21
619.98001998002,1.4809667202171735e-21
620.1798201798202,1.166053413828598e-21
620.3796203796204,9.863452372723104e-22
620.5794205794206,1.0222412928382985e-21
620.7792207792209,8.160250860748542e-22
620.979020979021,7.181234557914273e-22
621.1788211788212,1.2323411052400553e-21
621.3786213786213,1.1901414344362956e-21
621.5784215784216,1.4061192100404173e-21
621.7782217782218,1.5257121582745277e-21
621.978021978022,1.554752321231043e-21
622.1778221778222,1.5635596564060073e-21
622.3776223776224,1.0291269671022911e-21
622.5774225774226,1.3917703761911664e-21
622.7772227772228,2.0502190347793717e-21
622.977022977023,1.84003434164658e-21
623.1768231768232,9.681447475279114e-22
623.3766233766233,9.181802579186024e-22
623.5764235764236,1.174582944985057e-21
623.7762237762238,1.0790820773638783e-21
623.976023976024,1.0504249405879388e-21
624.1758241758242,1.1044449058587319e-21
624.3756243756244,1.4298098528325404e-21
624.5754245754246,1.3628065635562169e-21
624.7752247752248,1.296650577100179e-21
624.975024975025,1.4638292805008387e-21
625.1748251748252,1.645181793403002e-21
625.3746253746255,2.1034017785575774e-21
625.5744255744256,1.084628081022003e-21
625.7742257742258,7.426648471288096e-22
625.974025974026,9.035422918906053e-22
626.1738261738262,1.5460539201648245e-21
626.3736263736264,1.505504489052029e-21
626.5734265734266,2.2577260134834013e-21
626.7732267732268,3.538496934994911e-21
626.973026973027,3.746716746918412e-21
627.1728271728272,2.9775645879079904e-21
627.3726273726274,3.660201572200766e-21
627.5724275724276,3.2230496060934337e-21
627.7722277722278,2.2887648381712673e-21
627.972027972028,1.9232600948194836e-21
628.1718281718282,1.6077439184063361e-21
628.3716283716284,1.3357397225464509e-21
628.5714285714286,1.0449999052328525e-21
628.7712287712288,1.0009148577056745e-21
628.971028971029,1.2300435273001183e-21
629.1708291708292,1.3006771194769116e-21
629.3706293706294,9.57482150998954e-22
629.5704295704296,1.1309322863729416e-21
629.7702297702298,1.4503551096031272e-21
629.9700299700299,1.1824394293572268e-21
630.1698301698302,1.4829716267225255e-21
630.3696303696304,1.2483410374966702e-21
630.5694305694306,1.0844610138361323e-21
630.7692307692308,8.883108834867375e-22
630.969030969031,1.0386471924694955e-21
631.1688311688312,8.91258718435329e-22
631.3686313686314,7.538641924067765e-22
631.5684315684316,8.655430842347984e-22
631.7682317682318,1.8490297156350715e-21
631.9680319680319,2.506755361232896e-21
632.1678321678322,1.8694196071053333e-21
632.3676323676324,1.811542780965136e-21
632.5674325674325,2.4795014162926357e-21
632.7672327672328,1.7138593990009758e-21
632.967032967033,1.8557025303646694e-21
633.1668331668332,3.066621495009752e-21
633.3666333666334,2.4051518739805462e-21
633.5664335664336,1.6828035186306953e-21
633.7662337662338,2.463710769950379e-21
633.9660339660339,1.8557119289994654e-21
634.1658341658342,1.4059227279820684e-21
634.3656343656344,1.312040027842495e-21
634.5654345654345,1.2633662889917615e-21
634.7652347652348,9.206345250016336e-22
634.965034965035,1.1194012271517338e-21
635.1648351648352,1.4786079346389745e-21
635.3646353646354,1.9172006688399087e-21
635.5644355644356,2.1502918078572915e-21
635.7642357642358,3.2674023786935006e-21
635.9640359640359,5.38922415661693e-21
636.1638361638362,7.185193432400422e-21
636.3636363636364,4.8259523493294e-21
636.5634365634365,3.74260378798333e-21
636.7632367632368,4.936179978647116e-21
636.963036963037,5.146965806690302e-21
637.1628371628371,4.4098780029111806e-21
637.3626373626374,3.215936578629402e-21
637.5624375624376,2.5164142995781183e-21
637.7622377622378,2.8544310207596604e-21
637.962037962038,2.371139086990508e-21
638.1618381618382,1.50290625473862e-21
638.3616383616384,1.592960757958709e-21
638.5614385614385,2.0300554616060082e-21
638.7612387612388,1.7712801760523766e-21
638.961038961039,1.8561186100482676e-21
639.1608391608391,2.124982072768593e-21
639.3606393606394,1.9362023252148538e-21
639.5604395604396,1.6862095984879043e-21
639.7602397602398,1.4478679323303302e-21
639.96003996004,1.7506432737223833e-21
640.1598401598402,1.746713672587193e-21
640.3596403596404,2.6460700583047637e-21
640.5594405594405,3.3925949476033804e-21
640.7592407592408,2.753671772404245e-21
640.959040959041,3.4407710480498074e-21
641.1588411588411,3.1576951324605276e-21
641.3586413586414,3.8116865526547e-21
641.5584415584416,2.755332359747033e-21
641.7582417582418,2.257252512755111e-21
641.958041958042,1.824572443300826e-21
642.1578421578422,1.840217741606897e-21
642.3576423576424,1.2775128211994846e-21
642.5574425574425,1.1128124945344683e-21
642.7572427572428,2.1141148366029048e-21
642.957042957043,2.723492785797925e-21
643.1568431568431,1.5834828911967852e-21
643.3566433566434,3.95970720955854e-21
643.5564435564436,6.42212381689395e-21
643.7562437562437,6.7261038464862496e-21
643.956043956044,8.300237761965096e-21
644.1558441558442,8.220943249268327e-21
644.3556443556444,9.224124987147608e-21
644.5554445554445,1.3567689301280208e-20
644.7552447552448,7.792410512182161e-21
644.955044955045,5.982259354615814e-21
645.1548451548451,6.964442702905983e-21
645.3546453546454,9.06455906974894e-21
645.5544455544456,6.358283902262861e-21
645.7542457542457,3.683928331987383e-21
645.954045954046,2.8589198698097857e-21
646.1538461538462,2.6239729122502194e-21
646.3536463536464,1.2586189938864863e-21
646.5534465534465,9.547882767808235e-22
646.7532467532468,9.362093125044895e-22
646.953046953047,7.078252501895704e-22
647.1528471528471,6.390031808722922e-22
647.3526473526474,1.0712418826266355e-21
647.5524475524476,1.021667273227109e-21
647.7522477522477,1.6343699045117528e-21
647.952047952048,2.180202077700581e-21
648.1518481518482,2.666172526545251e-21
648.3516483516484,4.6819122721339944e-21
648.5514485514486,4.601508569931359e-21
648.7512487512488,4.251814185366224e-21
648.951048951049,4.081366132471321e-21
649.1508491508491,3.3328395145056577e-21
649.3506493506494,2.042766303167911e-21
649.5504495504496,2.6942386773791612e-21
649.7502497502497,1.5329720127490671e-21
649.95004995005,1.3323801827669373e-21
650.1498501498502,1.1052095845653029e-21
650.3496503496503,1.4531779236319102e-21
650.5494505494506,1.6406561435773277e-21
650.7492507492508,1.7048798176291636e-21
650.949050949051,1.4498579417292298e-21
651.1488511488511,1.9281258681567103e-21
651.3486513486514,1.5217048218969246e-21
651.5484515484516,1.2649441523337294e-21
651.7482517482517,1.9703490424986338e-21
651.948051948052,3.1102798577611364e-21
652.1478521478522,3.903022140155246e-21
652.3476523476523,6.923455133358297e-21
652.5474525474526,9.787461518552626e-21
652.7472527472528,8.192775587937733e-21
652.947052947053,1.0818345459461209e-20
653.1468531468531,9.003112649291096e-21
653.3466533466534,9.729624791255963e-21
653.5464535464536,1.2518009340252548e-20
653.7462537462537,1.4690697254233282e-20
653.946053946054,2.435904567429945e-20
654.1458541458542,1.3255060172508462e-20
654.3456543456543,1.3550267406896705e-20
654.5454545454546,1.1507452793627061e-20
654.7452547452548,6.398900037047421e-21
654.945054945055,4.2528615887224655e-21
655.1448551448551,4.7863367218627466e-21
655.3446553446554,4.644397068521454e-21
655.5444555444556,4.931788044639362e-21
655.7442557442557,7.215337221669564e-21
655.944055944056,5.199883933255159e-21
656.1438561438562,2.6402700781084065e-21
656.3436563436563,3.6453910152491354e-21
656.5434565434566,5.2419996464292225e-21
656.7432567432568,5.676904262558015e-21
656.943056943057,4.983314435442664e-21
657.1428571428571,3.756530600412798e-21
657.3426573426574,3.3035605459132723e-21
657.5424575424576,3.299803841465812e-21
657.7422577422577,2.786282848923525e-21
657.942057942058,2.1475306378623312e-21
658.1418581418582,2.1878739725251645e-21
658.3416583416583,2.036230130252107e-21
658.5414585414586,2.240354395832434e-21
658.7412587412588,2.087752323851254e-21
658.9410589410589,2.393650793749936e-21
659.1408591408591,4.159121265482562e-21
659.3406593406594,4.290920876636272e-21
659.5404595404596,3.80175993690491e-21
659.7402597402597,4.515911596623688e-21
659.94005994006,3.9380428500025345e-21
660.1398601398602,3.053645278722821e-21
660.3396603396603,3.4744676968024565e-21
660.5394605394606,4.428470527143276e-21
660.7392607392608,3.409415403530174e-21
660.9390609390609,3.722914101238622e-21
661.1388611388612,2.33611720451291e-21
661.3386613386614,2.662672521595293e-21
661.5384615384615,2.8330018772214325e-21
661.7382617382617,2.0517285622316867e-21
661.938061938062,1.6111407834738323e-21
662.1378621378622,1.6883521535305889e-21
662.3376623376623,1.5553431193453289e-21
662.5374625374626,1.9030538807643773e-21
662.7372627372628,2.7894356780472387e-21
662.9370629370629,3.80040168760639e-21
663.1368631368632,3.9728251023040615e-21
663.3366633366634,3.404451651096836e-21
663.5364635364635,5.413659077218239e-21
663.7362637362637,6.257630536895386e-21
663.936063936064,6.833933457144553e-21
664.1358641358642,7.96276838880555e-21
664.3356643356643,5.67617469107724e-21
664.5354645354646,6.5894686192673165e-21
664.7352647352648,6.867712958275441e-21
664.9350649350649,6.007348575135983e-21
665.1348651348652,3.719778648968049e-21
665.3346653346654,2.301246865693514e-21
665.5344655344655,3.836898791354461e-21
665.7342657342657,4.368312206665205e-21
665.934065934066,6.38325043635981e-21
666.1338661338661,8.842973220567203e-21
666.3336663336663,7.615713092111214e-21
666.5334665334666,6.947366106831838e-21
666.7332667332668,5.149056658087391e-21
666.9330669330669,5.661726257293466e-21
667.1328671328672,7.339766651038255e-21
667.3326673326674,5.596084995266309e-21
667.5324675324675,5.764282425515045e-21
667.7322677322677,5.134922287198822e-21
667.932067932068,2.6040764442051678e-21
668.1318681318681,1.8940260567536782e-21
668.3316683316683,2.907237725875191e-21
668.5314685314686,3.619030295943576e-21
668.7312687312688,6.586042606510775e-21
668.9310689310689,1.2975747337141508e-20
669.1308691308692,1.2431405178204617e-20
669.3306693306694,9.005691433538561e-21
669.5304695304695,1.0959258982794224e-20
669.7302697302697,1.140217759452611e-20
669.93006993007,1.0794194809712439e-20
670.1298701298701,1.1486753632429075e-20
670.3296703296703,7.474193390759537e-21
670.5294705294706,6.708603861508682e-21
670.7292707292708,5.08509902367192e-21
670.9290709290709,4.0420159916999036e-21
671.1288711288712,4.500617068617582e-21
671.3286713286714,4.012361125708568e-21
671.5284715284715,2.6952225404608305e-21
671.7282717282718,2.0951509233732662e-21
671.928071928072,3.0627887046589163e-21
672.1278721278721,3.0480383229277434e-21
672.3276723276723,3.0799185742890636e-21
672.5274725274726,3.14611362347838e-21
672.7272727272727,5.116064486358318e-21
672.9270729270729,4.513243650372102e-21
673.1268731268732,3.2507243337239044e-21
673.3266733266734,4.062190123424224e-21
673.5264735264735,4.909523374950909e-21
673.7262737262738,5.2374931591202136e-21
673.926073926074,4.321937417469656e-21
674.1258741258741,5.052898240384418e-21
674.3256743256743,4.0786590533223e-21
674.5254745254746,4.536693827492207e-21
674.7252747252747,5.099582058666551e-21
674.9250749250749,7.630621744894193e-21
675.1248751248752,6.797641619010425e-21
675.3246753246754,6.3822807114786764e-21
675.5244755244755,5.315426573289368e-21
675.7242757242758,4.0281358047547075e-21
675.924075924076,3.343210565025888e-21
676.1238761238761,2.7244924020655344e-21
676.3236763236763,2.389787866584655e-21
676.5234765234766,2.7799563580686424e-21
676.7232767232767,3.1038716346562167e-21
676.9230769230769,4.244248849260081e-21
677.1228771228772,5.13787095297758e-21
677.3226773226774,7.19734989911257e-21
677.5224775224775,9.751785201479372e-21
677.7222777222778,1.7504342555061395e-20
677.922077922078,1.9425427895466717e-20
678.1218781218781,1.5977030163232064e-20
678.3216783216783,1.934334985054294e-20
678.5214785214786,2.4448939794857107e-20
678.7212787212787,3.401781699820417e-20
678.9210789210789,2.8859050150906803e-20
679.1208791208792,2.1066399622279764e-20
679.3206793206793,2.5533426203698748e-20
679.5204795204795,2.5652783525702814e-20
679.7202797202798,2.758230245192489e-20
679.92007992008,2.03748376971399e-20
680.1198801198801,1.84910354518144e-20
680.3196803196803,1.8663340984138577e-20
680.5194805194806,1.7313656863946583e-20
680.7192807192807,1.005733508256873e-20
680.9190809190809,1.03005595682797e-20
681.1188811188812,1.5846194460189652e-20
681.3186813186813,1.2285062541944079e-20
681.5184815184815,8.54352040412144e-21
681.7182817182818,9.055862317514906e-21
681.918081918082,9.169808241076346e-21
682.1178821178821,1.047228686048648e-20
682.3176823176824,7.564214675826479e-21
682.5174825174826,4.175215900422557e-21
682.7172827172827,2.955903400323755e-21
682.9170829170829,6.0958042330340774e-21
683.1168831168832,6.585275989787087e-21
683.3166833166833,5.471540459982731e-21
683.5164835164835,5.18714719531212e-21
683.7162837162838,7.809494960185964e-21
683.916083916084,6.487896694413313e-21
684.1158841158841,5.839818105390007e-21
684.3156843156844,4.3247881110268274e-21
684.5154845154846,3.3913205264660866e-21
684.7152847152847,3.0221565801241625e-21
684.9150849150849,3.2592936737753933e-21
685.1148851148852,3.831955868609754e-21
685.3146853146853,5.088578988384671e-21
685.5144855144855,5.840412498502001e-21
685.7142857142858,4.582068123534309e-21
685.914085914086,3.706937547100258e-21
686.1138861138861,3.656400178696833e-21
686.3136863136864,4.688063788276462e-21
686.5134865134866,4.912957644164309e-21
686.7132867132867,3.505037558343053e-21
686.9130869130869,3.460892740241603e-21
687.1128871128872,3.8911126539304485e-21
687.3126873126873,4.445137688012399e-21
687.5124875124875,6.076968615882125e-21
687.7122877122878,5.017116543502437e-21
687.9120879120879,5.457825204549247e-21
688.1118881118881,5.161689408166404e-21
688.3116883116884,4.861933925787332e-21
688.5114885114886,3.683520693654645e-21
688.7112887112887,3.556384130490036e-21
688.9110889110889,3.083392432042026e-21
689.1108891108892,2.500004251755334e-21
689.3106893106893,2.1080478925354444e-21
689.5104895104895,3.9081385800619005e-21
689.7102897102898,6.047998090791342e-21
689.9100899100899,7.239066696796711e-21
690.1098901098901,6.069768860218234e-21
690.3096903096904,9.37222370819924e-21
690.5094905094905,1.540311093958452e-20
690.7092907092907,1.2297937167913342e-20
690.9090909090909,1.2661539357827664e-20
691.1088911088912,9.796929602363864e-21
691.3086913086913,8.244202639099303e-21
691.5084915084915,1.3517235203384865e-20
691.7082917082918,1.6901444943185753e-20
691.9080919080919,1.482612040843018e-20
692.1078921078921,1.1850023185999561e-20
692.3076923076924,1.1498988460182555e-20
692.5074925074925,5.528207590740522e-21
692.7072927072927,4.118508241848392e-21
692.9070929070929,5.447779215602966e-21
693.1068931068932,6.218891100562925e-21
693.3066933066933,7.31152180822426e-21
693.5064935064935,7.777570388787374e-21
693.7062937062938,1.0666421167140709e-20
693.9060939060939,1.8512269780411492e-20
694.1058941058941,1.7791000058469074e-20
694.3056943056944,1.9831040293777043e-20
694.5054945054945,2.1135024880729867e-20
694.7052947052947,2.3073961931500055e-20
694.905094905095,2.830903113220168e-20
695.1048951048951,2.834453220262239e-20
695.3046953046953,1.6098508788618206e-20
695.5044955044955,1.5575895096266988e-20
695.7042957042958,1.070546607569608e-20
695.9040959040959,8.59623667046832e-21
696.1038961038961,6.130319889610544e-21
696.3036963036964,3.884494082157131e-21
696.5034965034965,4.059763063102136e-21
696.7032967032967,5.192314418749361e-21
696.903096903097,6.967718573161935e-21
697.1028971028971,8.052980609274921e-21
697.3026973026973,1.2581165302817067e-20
697.5024975024975,1.6241746774875116e-20
697.7022977022978,1.1381909689925183e-20
697.9020979020979,8.741550055445769e-21
698.1018981018981,8.312507356453665e-21
698.3016983016984,1.0877199781284609e-20
698.5014985014985,1.3936919905653794e-20
698.7012987012987,2.1315558429254406e-20
698.901098901099,2.2767289639225795e-20
699.1008991008991,3.113167195399515e-20
699.3006993006993,2.607174626202158e-20
699.5004995004995,1.64383742018726e-20
699.7002997002998,2.0460286282408712e-20
699.9000999000999,2.2756719833204405e-20
700.0999000999001,1.9845243221780024e-20
700.2997002997004,3.3864402977711974e-20
700.4995004995005,4.5356540311368506e-20
700.6993006993007,3.795689493691041e-20
700.899100899101,3.392289412886463e-20
701.0989010989011,3.848004617302783e-20
701.2987012987013,3.3638778493710275e-20
701.4985014985015,3.0115244582411657e-20
701.6983016983017,3.5462694659502287e-20
701.8981018981019,2.3190914261989548e-20
702.0979020979021,1.3391314057346978e-20
702.2977022977024,1.121269790707412e-20
702.4975024975025,1.0395369985594656e-20
702.6973026973027,1.619221085475233e-20
702.897102897103,2.8797446598226264e-20
703.0969030969031,3.89348393287732e-20
703.2967032967033,2.927595705601588e-20
703.4965034965035,2.684556549263598e-20
703.6963036963037,2.6910576071668733e-20
703.8961038961039,3.104463305389058e-20
704.0959040959041,2.303299763812735e-20
704.2957042957044,8.844083248455537e-21
704.4955044955045,8.188761507007054e-21
704.6953046953047,1.0403448382632671e-20
704.895104895105,1.1399652167714928e-20
705.0949050949051,1.2820311698427998e-20
705.2947052947053,2.441317476137075e-20
705.4945054945056,2.9808982329379724e-20
705.6943056943057,1.9376731633594497e-20
705.8941058941059,2.1136510980148152e-20
706.0939060939061,2.8033913033194635e-20
706.2937062937064,3.650806848117686e-20
706.4935064935065,4.3559007265425206e-20
706.6933066933067,3.030180317129002e-20
706.893106893107,2.1074854786929407e-20
707.0929070929071,9.57129690021087e-21
707.2927072927073,6.4289694218990564e-21
707.4925074925076,3.98736591439189e-21
707.6923076923077,4.734687694273967e-21
707.8921078921079,6.191343012718322e-21
708.0919080919081,6.701179509200006e-21
708.2917082917083,8.020034678572899e-21
708.4915084915085,9.163280183685565e-21
708.6913086913087,1.142494257312526e-20
708.891108891109,8.55680651083537e-21
709.0909090909091,1.1032396090586697e-20
709.2907092907093,1.1165335407438301e-20
709.4905094905096,1.0019913605589106e-20
709.6903096903097,1.4286888916563538e-20
709.8901098901099,1.1037189896214224e-20
710.0899100899101,7.928551133468006e-21
710.2897102897103,7.318399462543941e-21
710.4895104895105,7.022889549292561e-21
710.6893106893107,4.738218317121536e-21
710.889110889111,5.3071150757972895e-21
711.0889110889111,6.5235146071996594e-21
711.2887112887113,1.0672154403441673e-20
711.4885114885116,1.7368578712809123e-20
711.6883116883117,1.9769079188993665e-20
711.8881118881119,1.3916722674777754e-20
712.0879120879121,1.1772158401869028e-20
712.2877122877123,1.541691262681933e-20
712.4875124875125,1.8303311819632327e-20
712.6873126873127,1.2672516970326792e-20
712.887112887113,1.2928670439478634e-20
713.0869130869131,1.727153761206592e-20
713.2867132867133,2.630386575348817e-20
713.4865134865136,3.3647480271867695e-20
713.6863136863137,2.1368383745147198e-20
713.8861138861139,2.29184488191641e-20
714.085914085914,1.9214916574956244e-20
714.2857142857143,1.7829638740281206e-20
714.4855144855145,1.5951104136955488e-20
714.6853146853147,1.367438840646069e-20
714.885114885115,1.844215460014275e-20
715.0849150849151,1.654324055229975e-20
715.2847152847153,1.3292621768014752e-20
715.4845154845156,1.0466732217490713e-20
715.6843156843157,1.1077378969509001e-20
715.8841158841159,1.5614662009077343e-20
716.0839160839162,2.757739946155559e-20
716.2837162837163,2.989333530787957e-20
716.4835164835165,2.278359392029324e-20
716.6833166833167,2.2845071088430717e-20
716.8831168831169,2.990796693566952e-20
717.0829170829171,4.6145973761037187e-20
717.2827172827173,5.345439441481098e-20
717.4825174825176,3.8721988340566565e-20
717.6823176823177,3.52652384695067e-20
717.8821178821179,4.6821958679077304e-20
718.0819180819182,3.63238430931729e-20
718.2817182817183,3.434716502097355e-20
718.4815184815185,3.4141479637442354e-20
718.6813186813187,2.1693712732816552e-20
718.8811188811189,2.941231589994632e-20
719.0809190809191,3.070756688664278e-20
719.2807192807193,1.854642118099198e-20
719.4805194805195,1.274138996662759e-20
719.6803196803197,1.1585842457346037e-20
719.8801198801199,1.3142026639265607e-20
720.0799200799202,1.2993679314680726e-20
720.2797202797203,1.4053419911973325e-20
720.4795204795205,1.6033116651744266e-20
720.6793206793207,1.0081079861367852e-20
720.8791208791209,6.5928788981849526e-21
721.0789210789211,8.73937666116072e-21
721.2787212787213,1.0776190274768711e-20
721.4785214785215,9.448559984334096e-21
721.6783216783217,9.739203885728119e-21
721.8781218781219,7.338639689493038e-21
722.0779220779222,6.603899248898249e-21
722.2777222777223,6.478519410342584e-21
722.4775224775225,7.662428617414694e-21
722.6773226773226,1.0946323095363773e-20
722.8771228771229,1.7952925075359843e-20
723.0769230769231,1.5203403918887847e-20
723.2767232767233,1.3645377827743333e-20
723.4765234765235,1.5928178990318894e-20
723.6763236763237,1.6642011093675156e-20
723.8761238761239,1.666898788438013e-20
724.0759240759241,1.5013731612945296e-20
724.2757242757243,1.780215929735251e-20
724.4755244755245,2.4536244959159663e-20
724.6753246753246,2.5193865936290617e-20
724.8751248751249,2.363941971955217e-20
725.0749250749251,1.9203050631295262e-20
725.2747252747253,1.730749971269104e-20
725.4745254745255,1.3127764622051126e-20
725.6743256743257,1.752613925380509e-20
725.8741258741259,2.2136969177471843e-20
726.0739260739261,1.5206047379616843e-20
726.2737262737263,1.6802274583423717e-20
726.4735264735265,1.5402149735030172e-20
726.6733266733266,9.739326420623293e-21
726.8731268731269,9.009123981530825e-21
727.0729270729271,9.483475969544102e-21
727.2727272727273,1.0935690371209906e-20
727.4725274725275,1.1832250747858366e-20
727.6723276723277,1.504483166203166e-20
727.8721278721279,1.0874112990303305e-20
728.0719280719281,7.627878736721385e-21
728.2717282717283,5.305700200012109e-21
728.4715284715285,3.1199087393917212e-21
728.6713286713288,2.8810692274338008e-21
728.8711288711289,2.845448506099783e-21
729.0709290709291,2.90026582475364e-21
729.2707292707292,2.921087091706277e-21
729.4705294705295,2.4829290059442997e-21
729.6703296703297,2.5719491204904023e-21
729.8701298701299,4.416422096789251e-21
730.0699300699301,9.254959027988006e-21
730.2697302697303,1.0072587334711492e-20
730.4695304695305,9.109820938176966e-21
730.6693306693307,9.763291946504862e-21
730.8691308691309,1.0213871852601631e-20
731.0689310689311,9.104072368643868e-21
731.2687312687312,5.984674927200986e-21
731.4685314685315,5.029018522923436e-21
731.6683316683317,7.849249424886216e-21
731.8681318681319,8.353639293124817e-21
732.0679320679321,7.073842364278019e-21
732.2677322677323,6.975879362984683e-21
732.4675324675325,6.870971815651884e-21
732.6673326673327,7.193147198274242e-21
732.8671328671329,7.580758865315189e-21
733.0669330669331,1.0447660749630656e-20
733.2667332667332,9.607232259058643e-21
733.4665334665335,9.052340150759033e-21
733.6663336663337,6.588757175997565e-21
733.8661338661339,5.245284375212392e-21
734.0659340659341,4.25074333069168e-21
734.2657342657343,2.6777465828720228e-21
734.4655344655345,2.797243447443919e-21
734.6653346653347,1.827264307129585e-21
734.8651348651349,1.8577622494245733e-21
735.0649350649351,1.9995547685093378e-21
735.2647352647352,1.8775620227709704e-21
735.4645354645355,1.8694461518823647e-21
735.6643356643357,2.8776843668697558e-21
735.8641358641358,2.9566964073953777e-21
736.0639360639361,3.750190219985604e-21
736.2637362637363,5.732769090411011e-21
736.4635364635365,7.504471889802383e-21
736.6633366633367,5.955841639496926e-21
736.8631368631369,5.321538488623982e-21
737.0629370629371,3.848997966687135e-21
737.2627372627372,2.47257045445663e-21
737.4625374625375,3.2179283659250845e-21
737.6623376623377,3.0323632124658625e-21
737.8621378621378,5.560622363091776e-21
738.0619380619381,5.5248511402316994e-21
738.2617382617383,3.3990073541007126e-21
738.4615384615385,4.4716727255085326e-21
738.6613386613387,3.3266972495637598e-21
738.8611388611389,1.6767777754978678e-21
739.0609390609391,2.1258012740750892e-21
739.2607392607393,3.445493338107348e-21
739.4605394605395,3.020868823677554e-21
739.6603396603397,3.096647174565948e-21
739.8601398601398,2.851992761809344e-21
740.0599400599401,3.2877959061444476e-21
740.2597402597403,4.0681138042008135e-21
740.4595404595404,5.076416099615162e-21
740.6593406593407,5.213024438586764e-21
740.8591408591409,7.877729590652068e-21
741.0589410589411,5.2487476983265234e-21
741.2587412587413,5.113609638341184e-21
741.4585414585415,3.2841316489043856e-21
741.6583416583417,2.736138467423957e-21
741.8581418581418,1.8731644306481357e-21
742.0579420579421,2.1266810595720885e-21
742.2577422577423,2.2861775406735734e-21
742.4575424575424,3.654555934895106e-21
742.6573426573427,3.7649788211989715e-21
742.8571428571429,3.182340319710325e-21
743.056943056943,3.516928329046902e-21
743.2567432567433,3.516376645171757e-21
743.4565434565435,2.579096015523374e-21
743.6563436563437,3.777916385101791e-21
743.8561438561438,4.248196499270528e-21
744.0559440559441,4.5886336407126316e-21
744.2557442557443,5.497034297309142e-21
744.4555444555444,4.703916856307053e-21
744.6553446553447,5.541087262244749e-21
744.8551448551449,5.467178233809471e-21
745.054945054945,3.676114483929089e-21
745.2547452547453,2.849579397799225e-21
745.4545454545455,2.387422594324941e-21
745.6543456543457,1.6589254113651643e-21
745.8541458541458,2.0487020720742338e-21
746.0539460539461,2.9633393407916957e-21
746.2537462537463,2.5843376712174418e-21
746.4535464535464,1.4659446164427663e-21
746.6533466533467,1.398658622755611e-21
746.8531468531469,1.894569877321394e-21
747.052947052947,3.3841038311777824e-21
747.2527472527473,4.443826303310422e-21
747.4525474525475,6.450401798726244e-21
747.6523476523477,5.2659529395500446e-21
747.8521478521478,5.3628236058642555e-21
748.0519480519481,3.67733050666467e-21
748.2517482517483,4.3151730255276945e-21
748.4515484515484,3.130642333614612e-21
748.6513486513487,2.9682801944219793e-21
748.8511488511489,4.959274110598275e-21
749.050949050949,4.276870759811693e-21
749.2507492507493,3.0248566266699315e-21
749.4505494505495,2.8637394989533503e-21
749.6503496503497,2.6547521511025544e-21
749.8501498501498,2.934271259481607e-21
750.0499500499501,2.8646369245723293e-21
750.2497502497503,3.03037171299617e-21
750.4495504495504,2.6019754729773854e-21
750.6493506493507,3.0934453668038937e-21
750.8491508491509,3.602841501596614e-21
751.048951048951,3.1318359602024653e-21
751.2487512487513,2.7530241191136436e-21
751.4485514485515,3.882373765203852e-21
751.6483516483516,5.6466529391170884e-21
751.8481518481519,5.546451191920935e-21
752.0479520479521,6.3622186886064114e-21
752.2477522477523,7.739012117807319e-21
752.4475524475524,9.205205970236382e-21
752.6473526473527,9.799993136128473e-21
752.8471528471529,5.832904672997243e-21
753.046953046953,5.710453464417353e-21
753.2467532467533,4.963881149728785e-21
753.4465534465535,5.552745456487269e-21
753.6463536463536,7.179032285539341e-21
753.8461538461539,4.236266914060691e-21
754.0459540459541,3.3828199984879794e-21
754.2457542457543,3.1769919497564326e-21
754.4455544455544,4.25125717155777e-21
754.6453546453547,6.542678609828967e-21
754.8451548451549,5.5190038842821086e-21
755.044955044955,5.5723869446437404e-21
755.2447552447553,5.735983038108419e-21
755.4445554445555,3.973750449460885e-21
755.6443556443556,4.065433628143523e-21
755.8441558441559,7.886237713879459e-21
756.0439560439561,7.948631404988568e-21
756.2437562437563,6.116758582033041e-21
756.4435564435564,9.865829074746418e-21
756.6433566433567,1.1889565847693105e-20
756.8431568431569,9.129917051744153e-21
757.042957042957,8.80044627658372e-21
757.2427572427573,8.489667038933284e-21
757.4425574425575,6.513252799878728e-21
757.6423576423576,6.816566633684277e-21
757.8421578421579,4.928651236803424e-21
758.0419580419581,2.326065509488882e-21
758.2417582417582,1.7375998573341293e-21
758.4415584415584,3.0922119860573413e-21
758.6413586413587,4.537010189061861e-21
758.8411588411589,5.4083895028440236e-21
759.040959040959,4.351890037906674e-21
759.2407592407593,6.181784027632871e-21
759.4405594405595,6.780808359086328e-21
759.6403596403596,5.237858127589254e-21
759.8401598401599,6.099785604353709e-21
760.0399600399601,7.417235928825065e-21
760.2397602397602,7.844687636263547e-21
760.4395604395604,1.0146472341025731e-20
760.6393606393607,6.378022197301678e-21
760.8391608391609,6.880155523414862e-21
761.038961038961,5.6784535341658695e-21
761.2387612387613,5.1598171728413e-21
761.4385614385615,5.8621474464889505e-21
761.6383616383616,6.842111140906415e-21
761.8381618381619,7.041747881973918e-21
762.0379620379621,5.985056104262553e-21
762.2377622377622,4.495924040667629e-21
762.4375624375625,4.941761537456987e-21
762.6373626373627,6.103002054391362e-21
762.8371628371629,9.126255630619947e-21
763.036963036963,1.21385604468651e-20
763.2367632367633,1.032948451865723e-20
763.4365634365635,5.494209627665761e-21
763.6363636363636,4.528084000743146e-21
763.8361638361639,4.540827667050942e-21
764.0359640359641,4.348950729879381e-21
764.2357642357642,3.2587076844270682e-21
764.4355644355645,4.3710736429261106e-21
764.6353646353647,4.800163920690384e-21
764.8351648351648,6.064876640637411e-21
765.034965034965,6.99727833556217e-21
765.2347652347653,1.1509235135414936e-20
765.4345654345655,1.1313674168737297e-20
765.6343656343656,7.084915240954203e-21
765.8341658341659,5.238740625570337e-21
766.0339660339661,3.4256538096421946e-21
766.2337662337662,5.868883433263523e-21
766.4335664335665,7.925979790094877e-21
766.6333666333667,1.0736682458234616e-20
766.8331668331668,1.1291988759711328e-20
767.032967032967,9.319853345839176e-21
767.2327672327673,1.554393490564688e-20
767.4325674325675,2.0982554347473523e-20
767.6323676323676,1.575196171686409e-20
767.8321678321679,8.553189696638824e-21
768.0319680319681,1.6138230338336742e-20
768.2317682317682,1.9651163558545035e-20
768.4315684315685,1.7856213261543796e-20
768.6313686313687,1.2979817948076072e-20
768.8311688311688,1.1745665707479771e-20
769.030969030969,1.2982779286167672e-20
769.2307692307693,1.7389355556973847e-20
769.4305694305694,1.2973585324728605e-20
769.6303696303696,1.1857907923951063e-20
769.8301698301699,1.2725451732177751e-20
770.0299700299701,1.3081920168371274e-20
770.2297702297702,1.1780467580654604e-20
770.4295704295705,6.070459015634211e-21
770.6293706293707,4.612270596938127e-21
770.8291708291708,5.884718917502559e-21
771.028971028971,6.3990631142468526e-21
771.2287712287713,1.0304888722288281e-20
771.4285714285714,8.248679468586023e-21
771.6283716283716,1.0354806698110057e-20
771.8281718281719,7.025224950252153e-21
772.027972027972,6.821090579666717e-21
772.2277722277722,9.4849997829569e-21
772.4275724275725,1.489800689247074e-20
772.6273726273727,1.538977477370107e-20
772.8271728271728,1.2933158989864316e-20
773.0269730269731,1.0306847755913506e-20
773.2267732267733,5.942734993337179e-21
773.4265734265734,4.987739307648264e-21
773.6263736263736,4.60756321323283e-21
773.8261738261739,4.891566010016264e-21
774.025974025974,6.33219048772379e-21
774.2257742257742,4.737592082868641e-21
774.4255744255745,3.74941173586989e-21
774.6253746253747,4.224384923484671e-21
774.8251748251748,5.493883531138281e-21
775.0249750249751,5.678008147708495e-21
775.2247752247753,5.208256573279407e-21
775.4245754245754,4.910080674017089e-21
775.6243756243756,7.699336998287378e-21
775.8241758241759,9.096038919565264e-21
776.023976023976,9.422840085493366e-21
776.2237762237762,1.0621138057692795e-20
776.4235764235765,7.54122470595444e-21
776.6233766233767,5.035124623616437e-21
776.8231768231768,5.114625794590772e-21
777.0229770229771,5.180248070675252e-21
777.2227772227773,3.890899333715958e-21
777.4225774225774,2.629033251640509e-21
777.6223776223776,1.854654873100649e-21
777.8221778221779,1.8983986875449875e-21
778.021978021978,1.8414873681248177e-21
778.2217782217782,3.298360537735801e-21
778.4215784215785,2.6000766385242022e-21
778.6213786213787,2.7931112238268602e-21
778.8211788211788,2.4866075879187293e-21
779.0209790209791,1.5701692056905072e-21
779.2207792207793,1.3803397760019055e-21
779.4205794205794,1.5718660397356265e-21
779.6203796203796,1.853296783561292e-21
779.8201798201799,2.0686459274868917e-21
780.01998001998,2.543427380321202e-21
780.2197802197802,3.1970892410706046e-21
780.4195804195805,2.4934133005550807e-21
780.6193806193806,2.5611888986258973e-21
780.8191808191808,3.8845724217154435e-21
781.0189810189811,3.8688893205043476e-21
781.2187812187813,3.222235829891291e-21
781.4185814185814,4.9986490917104924e-21
781.6183816183816,4.816185377335667e-21
781.8181818181819,6.3737877837908506e-21
782.017982017982,7.613114096849385e-21
782.2177822177822,8.493315402129917e-21
782.4175824175825,6.77405708115295e-21
782.6173826173826,6.160868198572601e-21
782.8171828171828,4.981065429693108e-21
783.0169830169831,4.142926870107923e-21
783.2167832167833,6.288733889210996e-21
783.4165834165834,7.273434885217905e-21
783.6163836163836,4.377656473238848e-21
783.8161838161839,2.641931735681014e-21
784.015984015984,3.1586483116382775e-21
784.2157842157842,3.3064584281021547e-21
784.4155844155845,3.732758952444157e-21
784.6153846153846,4.411064744240961e-21
784.8151848151848,5.342516745289126e-21
785.0149850149851,5.811131542403437e-21
785.2147852147853,6.5321353296610054e-21
785.4145854145854,6.1383634480674266e-21
785.6143856143857,8.666107768101219e-21
785.8141858141859,8.63114155311815e-21
786.013986013986,7.449991459626555e-21
786.2137862137862,6.588802018261692e-21
786.4135864135865,6.911124910387292e-21
786.6133866133866,6.0617792757196204e-21
786.8131868131868,5.883591760510719e-21
787.0129870129871,4.422681137948342e-21
787.2127872127872,3.90682768802556e-21
787.4125874125874,3.8618434538302925e-21
787.6123876123877,4.411185813345354e-21
787.8121878121879,3.533323384274517e-21
788.011988011988,2.3627161690397004e-21
788.2117882117882,1.9559675848582477e-21
788.4115884115885,1.454854540321823e-21
788.6113886113886,1.3491145091094843e-21
788.8111888111888,9.82496508692752e-22
789.0109890109891,1.6649487881676341e-21
789.2107892107892,1.5412722213153547e-21
789.4105894105894,2.115451434836935e-21
789.6103896103897,2.5214478110800304e-21
789.8101898101899,1.5431382876939212e-21
790.00999000999,1.919691019081891e-21
790.2097902097902,1.6374232263654133e-21
790.4095904095905,1.5270081412838095e-21
790.6093906093906,2.0625515568679785e-21
790.8091908091908,2.4832781934904132e-21
791.0089910089911,3.0159446431704835e-21
791.2087912087912,3.532207783775165e-21
791.4085914085914,2.9254359298302846e-21
791.6083916083917,1.0425367523701138e-21
791.8081918081919,9.467582721339242e-22
792.007992007992,8.72917379103482e-22
792.2077922077922,1.085753681672624e-21
792.4075924075925,1.0791799239595118e-21
792.6073926073926,8.796427585770078e-22
792.8071928071928,8.414786339506375e-22
793.0069930069931,7.709984757330697e-22
793.2067932067932,9.541699574930058e-22
793.4065934065934,7.071191041858541e-22
793.6063936063937,4.631213465074098e-22
793.8061938061938,6.200270510616778e-22
794.005994005994,7.824535434025293e-22
794.2057942057942,9.109406085739841e-22
794.4055944055945,5.464547447933822e-22
794.6053946053946,4.943074210283276e-22
794.8051948051948,6.042833803763405e-22
795.0049950049951,7.466178454262556e-22
795.2047952047952,8.8409449317549e-22
795.4045954045954,1.056837343282913e-21
795.6043956043957,1.5467119501218395e-21
795.8041958041958,1.516060868643107e-21
796.003996003996,1.8430207634618655e-21
796.2037962037963,2.0192395775165203e-21
796.4035964035965,2.1341954918324332e-21
796.6033966033966,4.158806531475236e-21
796.8031968031968,3.612504544370082e-21
797.0029970029971,2.779443677976938e-21
797.2027972027972,2.5512058317600285e-21
797.4025974025974,1.7157522707471236e-21
797.6023976023977,2.264672025176103e-21
797.8021978021978,2.2408350784243996e-21
798.001998001998,1.401658566003382e-21
798.2017982017983,7.987298813070501e-22
798.4015984015984,7.894764318945274e-22
798.6013986013986,1.1923580970095833e-21
798.8011988011988,1.3177464908169852e-21
799.0009990009991,1.4411513350326314e-21
799.2007992007992,1.7003852663863787e-21
799.4005994005994,1.1993761857256246e-21
799.6003996003997,1.321182822794364e-21
799.8001998001998,2.6683293723785835e-21
800.0,3.234503882556671e-21
800.1998001998003,3.1774085703201e-21
800.3996003996004,2.8575147087569254e-21
800.5994005994006,4.0487916097524136e-21
800.7992007992008,3.7355159626024505e-21
800.999000999001,2.419765617587845e-21
801.1988011988012,2.070188186124554e-21
801.3986013986014,1.8353856277727894e-21
801.5984015984017,2.231519500121872e-21
801.7982017982018,3.1494801347006433e-21
801.998001998002,3.1889998283810174e-21
802.1978021978023,2.707918495607903e-21
802.3976023976024,1.9346538872729132e-21
802.5974025974026,2.4336518885022975e-21
802.7972027972028,2.6303539910993105e-21
802.997002997003,2.4028497963147e-21
803.1968031968032,1.929632873016985e-21
803.3966033966034,1.6154461460259253e-21
803.5964035964037,2.4084927440535168e-21
803.7962037962038,2.8918556903923962e-21
803.996003996004,2.7511901390169605e-21
804.1958041958043,2.684792564213307e-21
804.3956043956044,2.2476453562258783e-21
804.5954045954046,1.8796297778122513e-21
804.7952047952048,2.6390881266415694e-21
804.995004995005,3.1884935839215964e-21
805.1948051948052,2.546191057526006e-21
805.3946053946054,2.264105740394918e-21
805.5944055944057,2.8478483359942834e-21
805.7942057942058,3.334544929092736e-21
805.994005994006,4.753399903417255e-21
806.1938061938063,3.4834550821603955e-21
806.3936063936064,2.6332457945128338e-21
806.5934065934066,2.2079323628125947e-21
806.7932067932068,2.3738338445631474e-21
806.993006993007,2.5675230857642465e-21
807.1928071928072,2.1433464456077807e-21
807.3926073926074,1.893215588712277e-21
807.5924075924077,2.447755346398801e-21
807.7922077922078,3.668985435192744e-21
807.992007992008,2.9219413864136456e-21
808.1918081918083,1.8089242330049433e-21
808.3916083916084,1.664459945053501e-21
808.5914085914086,8.099630003382192e-22
808.7912087912089,1.0905422266713077e-21
808.991008991009,9.690678133759106e-22
809.1908091908092,8.091857556541569e-22
809.3906093906094,1.0933324809056907e-21
809.5904095904096,1.299339654001515e-21
809.7902097902098,9.886176461654367e-22
809.99000999001,8.58899113029439e-22
810.1898101898103,8.506904210814583e-22
810.3896103896104,1.0947542123291413e-21
810.5894105894106,1.4463416605336444e-21
810.7892107892109,1.1838295949234152e-21
810.989010989011,1.2837423322092039e-21
811.1888111888112,1.5337772214400084e-21
811.3886113886114,1.4555672134568048e-21
811.5884115884116,9.598494266499523e-22
811.7882117882118,1.100321535627842e-21
811.988011988012,1.2523327160036741e-21
812.1878121878123,1.9374956623953454e-21
812.3876123876124,1.6435424103695529e-21
812.5874125874126,1.954805525444961e-21
812.7872127872129,1.570454519215869e-21
812.987012987013,1.4493254020927525e-21
813.1868131868132,1.2633744622398901e-21
813.3866133866134,1.2875243538084141e-21
813.5864135864136,1.1804339563218539e-21
813.7862137862138,1.335187615920396e-21
813.986013986014,1.4772148751683155e-21
814.1858141858143,1.4387237805330986e-21
814.3856143856144,1.4914146734117486e-21
814.5854145854146,1.0265391028814313e-21
814.7852147852149,1.1073357022717046e-21
814.985014985015,1.0137234454670945e-21
815.1848151848152,6.002609633117775e-22
815.3846153846154,5.12019644477707e-22
815.5844155844156,3.485378825598988e-22
815.7842157842158,6.561090856072108e-22
815.984015984016,4.297553276933984e-22
816.1838161838162,3.409727353665325e-22
816.3836163836164,4.721718909304662e-22
816.5834165834166,5.113131961553239e-22
816.7832167832169,7.477494967829776e-22
816.983016983017,8.467608217155715e-22
817.1828171828172,6.32322677550246e-22
817.3826173826174,6.807342375530795e-22
817.5824175824176,4.740887172008589e-22
817.7822177822178,6.195666650803636e-22
817.982017982018,8.966187683004135e-22
818.1818181818182,1.0140257611010606e-21
818.3816183816184,5.375907687732607e-22
818.5814185814186,5.649100086806707e-22
818.7812187812189,8.747715695908202e-22
818.981018981019,9.074010315301184e-22
819.1808191808192,5.8039029091697025e-22
819.3806193806195,4.874930878030019e-22
819.5804195804196,7.40365876388429e-22
819.7802197802198,8.356377546251752e-22
819.98001998002,7.755717484489789e-22
820.1798201798202,7.777157348947663e-22
820.3796203796204,6.043994882908392e-22
820.5794205794206,6.601040941382821e-22
820.7792207792209,7.584593883040995e-22
820.979020979021,5.725223932311185e-22
821.1788211788212,5.2752137072341245e-22
821.3786213786215,5.2854081795700005e-22
821.5784215784216,5.616114107186631e-22
821.7782217782218,2.973247390826225e-22
821.978021978022,2.8729435485853015e-22
822.1778221778222,3.7307817838961664e-22
822.3776223776224,2.792657177899292e-22
822.5774225774226,4.473500659477559e-22
822.7772227772228,3.7773335553577617e-22
822.977022977023,3.0112117328665616e-22
823.1768231768232,3.6852574865586583e-22
823.3766233766235,4.751759716367742e-22
823.5764235764236,5.136021759845851e-22
823.7762237762238,5.36001726403828e-22
823.976023976024,5.029001046558722e-22
824.1758241758242,5.719679583005894e-22
824.3756243756244,4.112788396513065e-22
824.5754245754246,7.867208506602095e-22
824.7752247752248,8.442319686147373e-22
824.975024975025,7.075461739888699e-22
825.1748251748252,4.49391695357945e-22
825.3746253746255,4.336192634406479e-22
825.5744255744256,4.663820004369496e-22
825.7742257742258,3.040598998124105e-22
825.974025974026,3.2999059606189946e-22
826.1738261738262,3.89235333518751e-22
826.3736263736264,4.0462792905460167e-22
826.5734265734266,4.742109377369224e-22
826.7732267732268,4.279541856618148e-22
826.973026973027,8.469682296165902e-22
827.1728271728272,7.638606185337825e-22
827.3726273726274,5.922191551204284e-22
827.5724275724276,6.993556022452406e-22
827.7722277722278,5.086449052098716e-22
827.972027972028,3.9392986634174853e-22
828.1718281718282,3.3896617166650783e-22
828.3716283716284,4.875769120773026e-22
828.5714285714286,5.256425372881717e-22
828.7712287712288,5.594250098277861e-22
828.971028971029,3.927399664529594e-22
829.1708291708292,5.4934685261875555e-22
829.3706293706294,5.682933749794486e-22
829.5704295704296,4.209246950320926e-22
829.7702297702298,4.349463931167642e-22
829.97002997003,3.9507994826354835e-22
830.1698301698302,4.456666868906107e-22
830.3696303696304,5.339811386833773e-22
830.5694305694306,5.493492783676535e-22
830.7692307692308,5.084288783894104e-22
830.969030969031,5.369781503371667e-22
831.1688311688312,4.266006415455743e-22
831.3686313686314,4.0782150971355495e-22
831.5684315684316,3.4369073154943845e-22
831.7682317682318,3.3962814415272127e-22
831.968031968032,3.5966931046321683e-22
832.1678321678322,5.851747091443647e-22
832.3676323676324,4.803522571220443e-22
832.5674325674325,3.1437125822825866e-22
832.7672327672328,3.9885583076357396e-22
832.967032967033,2.790796214186074e-22
833.1668331668332,2.517990993640833e-22
833.3666333666334,2.175582241400341e-22
833.5664335664336,2.630896265856606e-22
833.7662337662338,2.0769923552885803e-22
833.966033966034,2.068326062065218e-22
834.1658341658342,2.6443152767748404e-22
834.3656343656344,4.234748878127249e-22
834.5654345654345,4.582153978406434e-22
834.7652347652348,3.6831456912055185e-22
834.965034965035,2.7516101229139424e-22
835.1648351648352,3.2618928852956296e-22
835.3646353646354,3.6635829495253323e-22
835.5644355644356,4.0791887704806823e-22
835.7642357642358,4.1028567716585474e-22
835.964035964036,4.985989989848714e-22
836.1638361638362,4.454365601514312e-22
836.3636363636364,4.236107204860521e-22
836.5634365634365,5.0007912168012575e-22
836.7632367632368,3.950055646012906e-22
836.963036963037,2.5762939521293517e-22
837.1628371628371,3.185082677455959e-22
837.3626373626374,2.6111676321160483e-22
837.5624375624376,3.6031774619422015e-22
837.7622377622378,5.311366019618382e-22
837.962037962038,3.25237119359028e-22
838.1618381618382,4.396774965470927e-22
838.3616383616384,4.835185148886989e-22
838.5614385614385,4.410916960834884e-22
838.7612387612388,3.533845605480403e-22
838.961038961039,3.8623995267553273e-22
839.1608391608391,5.185333156333398e-22
839.3606393606394,3.1959264273581625e-22
839.5604395604396,3.275384936061541e-22
839.7602397602398,4.648665199244339e-22
839.96003996004,3.253166003346364e-22
840.1598401598402,4.829601991680101e-22
840.3596403596404,3.9447937952525744e-22
840.5594405594405,3.7490576444224036e-22
840.7592407592408,4.535906549693835e-22
840.959040959041,4.614735981469559e-22
841.1588411588411,3.9219479133520597e-22
841.3586413586414,5.333555417046515e-22
841.5584415584416,5.51114156627759e-22
841.7582417582418,5.266517465459697e-22
841.958041958042,4.2129003186817813e-22
842.1578421578422,3.611791640789713e-22
842.3576423576424,2.858407385068421e-22
842.5574425574426,3.587354866459203e-22
842.7572427572428,2.9177198311391007e-22
842.957042957043,2.4377261681341578e-22
843.1568431568431,1.488912776630446e-22
843.3566433566434,1.9391353470153227e-22
843.5564435564436,2.803630376503368e-22
843.7562437562437,3.1325382372919617e-22
843.956043956044,3.323630386828061e-22
844.1558441558442,2.411921411600591e-22
844.3556443556444,3.8417804828433063e-22
844.5554445554446,3.705863742417485e-22
844.7552447552448,3.324686445696635e-22
844.955044955045,3.2777343460529696e-22
845.1548451548451,4.339454657395932e-22
845.3546453546454,4.295468358626792e-22
845.5544455544456,2.86957869937076e-22
845.7542457542457,2.3584441060585517e-22
845.954045954046,2.289738672885646e-22
846.1538461538462,2.728834126195327e-22
846.3536463536464,3.884176922161346e-22
846.5534465534466,5.4386054164408735e-22
846.7532467532468,6.413664265388425e-22
846.953046953047,3.692134668370929e-22
847.1528471528471,2.491330358579287e-22
847.3526473526474,3.3619062738776105e-22
847.5524475524476,4.790025061058776e-22
847.7522477522477,4.1283734450010327e-22
847.952047952048,4.010962723363256e-22
848.1518481518482,4.853412279153451e-22
848.3516483516484,3.174426497220898e-22
848.5514485514486,1.9258819545022842e-22
848.7512487512488,3.301141244899728e-22
848.951048951049,4.554899376910125e-22
849.1508491508491,4.711400267414433e-22
849.3506493506494,3.834771003664698e-22
849.5504495504496,2.78501150301057e-22
849.7502497502497,3.2504580073096556e-22
849.95004995005,3.719023938994815e-22
850.1498501498502,3.7219596088020164e-22
850.3496503496503,3.3745447040223887e-22
850.5494505494506,3.899753584750696e-22
850.7492507492508,2.3508323753796847e-22
850.949050949051,1.5335097941352593e-22
851.1488511488511,2.7009106321951834e-22
851.3486513486514,4.007576479614256e-22
851.5484515484516,4.613384454358256e-22
851.7482517482517,5.291212407373131e-22
851.948051948052,7.362100579074592e-22
852.1478521478522,6.64130443261901e-22
852.3476523476523,6.970778343343481e-22
852.5474525474526,6.426810110575874e-22
852.7472527472528,5.645956485896667e-22
852.947052947053,7.505845017238405e-22
853.1468531468532,7.320566689751681e-22
853.3466533466534,6.6071344751106715e-22
853.5464535464536,7.125375503580475e-22
853.7462537462537,9.595293963547357e-22
853.946053946054,1.1812921517335747e-21
854.1458541458542,9.141693254618663e-22
854.3456543456543,6.200185154113431e-22
854.5454545454546,9.724028893743615e-22
854.7452547452548,1.354868313567814e-21
854.945054945055,1.1679829254475536e-21
855.1448551448552,9.554574943144426e-22
855.3446553446554,1.1980885357652511e-21
855.5444555444556,1.5056536155257066e-21
855.7442557442557,1.7980626760899025e-21
855.944055944056,1.6393300700367543e-21
856.1438561438562,1.28740018425359e-21
856.3436563436563,8.514128014436724e-22
856.5434565434566,7.95703189744624e-22
856.7432567432568,8.384548784599312e-22
856.943056943057,6.979137201993091e-22
857.1428571428572,6.214659784858994e-22
857.3426573426574,7.794320194120979e-22
857.5424575424576,9.005297128870233e-22
857.7422577422577,8.188838958957756e-22
857.942057942058,9.814184410758025e-22
858.1418581418582,8.025220020388899e-22
858.3416583416583,8.898627650950214e-22
858.5414585414586,1.278709630110189e-21
858.7412587412588,1.149724730802712e-21
858.9410589410589,6.848517393442519e-22
859.1408591408592,4.447975781896489e-22
859.3406593406594,5.851633725331669e-22
859.5404595404596,5.431206986164567e-22
859.7402597402597,6.2096684349584325e-22
859.94005994006,2.8724685397338904e-22
860.1398601398602,3.934129304546469e-22
860.3396603396603,7.570632358325051e-22
860.5394605394606,9.91453267199812e-22
860.7392607392608,1.0626818629387466e-21
860.9390609390609,1.2453960539904506e-21
861.1388611388612,8.509163145255675e-22
861.3386613386614,9.04058729019216e-22
861.5384615384615,8.737320465307664e-22
861.7382617382617,6.952031320601759e-22
861.938061938062,9.441553785046311e-22
862.1378621378622,7.3275953443661045e-22
862.3376623376623,9.480498815783579e-22
862.5374625374626,1.011668652245719e-21
862.7372627372628,8.53438317416138e-22
862.9370629370629,1.3743795038716751e-21
863.1368631368632,1.6376051115854476e-21
863.3366633366634,1.1464863552086466e-21
863.5364635364635,6.969416472901829e-22
863.7362637362637,8.453166979682575e-22
863.936063936064,8.482870725639109e-22
864.1358641358642,6.298538085793453e-22
864.3356643356643,5.210423956960903e-22
864.5354645354646,2.834795260964281e-22
864.7352647352648,2.51860965651349e-22
864.9350649350649,4.400610866374486e-22
865.1348651348652,3.1151070141612458e-22
865.3346653346654,2.549165178740465e-22
865.5344655344655,3.379197254945929e-22
865.7342657342658,3.2892344604552567e-22
865.934065934066,3.7270193523602117e-22
866.1338661338661,5.934268187042957e-22
866.3336663336663,7.672426028892697e-22
866.5334665334666,1.0226743889392129e-21
866.7332667332668,9.331096580706707e-22
866.9330669330669,9.529581242845845e-22
867.1328671328672,1.0725000617142734e-21
867.3326673326674,8.2572164025110745e-22
867.5324675324675,7.940808014419989e-22
867.7322677322678,8.088035206377884e-22
867.932067932068,6.797597363508665e-22
868.1318681318681,4.947001515618249e-22
868.3316683316683,3.282298914110428e-22
868.5314685314686,3.0759219942546157e-22
868.7312687312688,3.9026875117236663e-22
868.9310689310689,5.995234468120187e-22
869.1308691308692,6.621193482691319e-22
869.3306693306694,4.677226688730739e-22
869.5304695304695,4.953077651950323e-22
869.7302697302698,5.874921558841949e-22
869.93006993007,8.637523257121173e-22
870.1298701298701,1.1463082897877397e-21
870.3296703296703,1.1061851145704411e-21
870.5294705294706,5.999442711646663e-22
870.7292707292708,5.8961379116434275e-22
870.9290709290709,5.414827297576173e-22
871.1288711288712,4.001155298272866e-22
871.3286713286714,5.275866894951463e-22
871.5284715284715,4.650099353658044e-22
871.7282717282718,2.7117969095594183e-22
871.928071928072,2.687611961089103e-22
872.1278721278721,2.8459334875677383e-22
872.3276723276723,3.380838626270817e-22
872.5274725274726,4.290602272549153e-22
872.7272727272727,4.055768274853418e-22
872.9270729270729,3.657344688734344e-22
873.1268731268732,3.4005295055712384e-22
873.3266733266734,1.9099233486300961e-22
873.5264735264735,1.5290651128237248e-22
873.7262737262738,2.03804970187152e-22
873.926073926074,2.1149522328734456e-22
874.1258741258741,1.8847034200132359e-22
874.3256743256743,1.6975393453910284e-22
874.5254745254746,2.35497848370134e-22
874.7252747252747,2.164966757976812e-22
874.9250749250749,1.9709291959139658e-22
875.1248751248752,2.2026945275145378e-22
875.3246753246754,2.4771834667912995e-22
875.5244755244755,2.5693685929458056e-22
875.7242757242758,1.2848935573916343e-22
875.924075924076,1.910437601695637e-22
876.1238761238761,1.9308082610749657e-22
876.3236763236764,1.9489511089190086e-22
876.5234765234766,3.371533872433792e-22
876.7232767232767,4.357424407893137e-22
876.9230769230769,2.8148063773659123e-22
877.1228771228772,2.358640748072826e-22
877.3226773226774,2.865719137073899e-22
877.5224775224775,3.5759521963120816e-22
877.7222777222778,2.865741059757924e-22
877.922077922078,3.376796914799265e-22
878.1218781218781,2.9417687802638635e-22
878.3216783216784,2.773289634091747e-22
878.5214785214786,3.3961512424335724e-22
878.7212787212787,3.22093902642308e-22
878.9210789210789,4.7282762878413625e-22
879.1208791208792,3.8086235995618426e-22
879.3206793206793,2.619862563986928e-22
879.5204795204795,2.4326548823685285e-22
879.7202797202798,3.0330653995505207e-22
879.92007992008,2.8617791231981758e-22
880.1198801198801,3.274229494587768e-22
880.3196803196804,4.694901297911827e-22
880.5194805194806,3.9603707719331675e-22
880.7192807192807,4.422800120423007e-22
880.9190809190809,3.7933727602487414e-22
881.1188811188812,4.0449598620437355e-22
881.3186813186813,2.959739934689854e-22
881.5184815184815,2.889787192067763e-22
881.7182817182818,2.534500114384401e-22
881.918081918082,2.5393028590928796e-22
882.1178821178821,2.6905185660226356e-22
882.3176823176824,2.80640923433919e-22
882.5174825174826,2.747472863496538e-22
882.7172827172827,4.290957091295426e-22
882.9170829170829,5.623596909222557e-22
883.1168831168832,4.116953168290409e-22
883.3166833166833,4.078015475503783e-22
883.5164835164835,4.5052142202794165e-22
883.7162837162838,3.2418711590656313e-22
883.916083916084,3.400022560984079e-22
884.1158841158841,3.9335944611437685e-22
884.3156843156844,3.4296418734587226e-22
884.5154845154846,2.852052683406635e-22
884.7152847152847,3.866799916426632e-22
884.9150849150849,2.8237863162328796e-22
885.1148851148852,3.176743800366967e-22
885.3146853146853,3.006065149139681e-22
885.5144855144855,2.6145183682937703e-22
885.7142857142858,2.2860143779558913e-22
885.914085914086,3.3501922783890897e-22
886.1138861138861,2.217096146325015e-22
886.3136863136864,2.590247953219474e-22
886.5134865134866,2.0601275653483996e-22
886.7132867132867,2.4050852403864737e-22
886.913086913087,2.8809020976017426e-22
887.1128871128872,2.2830348971021956e-22
887.3126873126873,2.7686528738288854e-22
887.5124875124875,1.9603269661244297e-22
887.7122877122878,1.2556931819743962e-22
887.9120879120879,1.6185979802047608e-22
888.1118881118881,2.7398729474291266e-22
888.3116883116884,4.039250274021587e-22
888.5114885114886,2.980557438400829e-22
888.7112887112887,2.97165162649601e-22
888.911088911089,2.806399633688878e-22
889.1108891108892,1.9031268699927866e-22
889.3106893106893,2.588260004940377e-22
889.5104895104895,2.683736626658164e-22
889.7102897102898,2.804670359613585e-22
889.9100899100899,4.442020804402312e-22
890.1098901098901,3.381261423223012e-22
890.3096903096904,3.215118344491619e-22
890.5094905094905,3.2172235344791777e-22
890.7092907092907,3.849442346511355e-22
890.909090909091,3.3591494497134723e-22
891.1088911088912,2.860298106166245e-22
891.3086913086913,2.7563645964962693e-22
891.5084915084915,2.4264453528501196e-22
891.7082917082918,2.3113253149358006e-22
891.9080919080919,2.3306017657707195e-22
892.1078921078921,3.1977572186616005e-22
892.3076923076924,3.459821924213043e-22
892.5074925074925,3.382552815703697e-22
892.7072927072927,3.2409737436674428e-22
892.907092907093,2.156400533592833e-22
893.1068931068932,2.86543443461738e-22
893.3066933066933,3.0363993600886887e-22
893.5064935064935,2.1414709214416433e-22
893.7062937062938,1.673608774262974e-22
893.9060939060939,2.579781134185319e-22
894.1058941058941,4.266256125475917e-22
894.3056943056944,4.423584527570771e-22
894.5054945054945,4.107133691560209e-22
894.7052947052947,4.336747113315199e-22
894.905094905095,4.123650909023086e-22
895.1048951048951,3.2468828811655366e-22
895.3046953046953,2.138702162418259e-22
895.5044955044955,2.2427259570834146e-22
895.7042957042958,2.232910994695766e-22
895.9040959040959,3.3703679632396155e-22
896.1038961038961,3.4871156587932776e-22
896.3036963036964,2.2777649690092927e-22
896.5034965034965,2.0807071572660438e-22
896.7032967032967,1.8667772148805509e-22
896.903096903097,2.1837190577909496e-22
897.1028971028971,2.2114784261948703e-22
897.3026973026973,2.517883670661366e-22
897.5024975024975,3.074019327026442e-22
897.7022977022978,4.2101858066372867e-22
897.9020979020979,3.8304052723633355e-22
898.1018981018981,3.644746268473205e-22
898.3016983016984,2.409123374826062e-22
898.5014985014985,3.3904103409125413e-22
898.7012987012987,4.260873344929718e-22
898.901098901099,2.6559240624888673e-22
899.1008991008991,3.0808214339991886e-22
899.3006993006993,5.197634073526501e-22
899.5004995004996,4.611432749138945e-22
899.7002997002998,3.5581634939578e-22
899.9000999000999,3.5716445976954574e-22
900.0999000999001,3.316975860129429e-22
900.2997002997004,3.9117098598746626e-22
900.4995004995005,6.200966712296685e-22
900.6993006993007,4.366804214195007e-22
900.899100899101,3.7048407832161516e-22
901.0989010989011,2.8069876768147934e-22
901.2987012987013,3.8039327047329536e-22
901.4985014985016,3.3107599242951113e-22
901.6983016983017,3.8622142359875533e-22
901.8981018981019,3.7077283349071195e-22
902.0979020979021,3.783593831174215e-22
902.2977022977024,4.806377200391432e-22
902.4975024975025,4.43226783140517e-22
902.6973026973027,4.715357331295456e-22
902.897102897103,4.45785616752225e-22
903.0969030969031,4.219357506795134e-22
903.2967032967033,5.18732914092816e-22
903.4965034965036,3.440905022047111e-22
903.6963036963037,2.7905758873170133e-22
903.8961038961039,2.978566925978525e-22
904.0959040959041,2.133154372871699e-22
904.2957042957044,2.3760582412104736e-22
904.4955044955045,3.5246854271786368e-22
904.6953046953047,5.130019959108607e-22
904.895104895105,4.622860988377511e-22
905.0949050949051,3.435402445443859e-22
905.2947052947053,2.488665704417381e-22
905.4945054945056,2.980027631073152e-22
905.6943056943057,2.4936939193305115e-22
905.8941058941059,2.2976678123602756e-22
906.0939060939061,2.010772773878355e-22
906.2937062937064,1.6885192131909539e-22
906.4935064935065,9.788122650473021e-23
906.6933066933067,1.8601828946615027e-22
906.893106893107,2.746993441869687e-22
907.0929070929071,2.28503364796362e-22
907.2927072927073,1.5311933997993764e-22
907.4925074925076,2.8495998632633167e-22
907.6923076923077,2.3832221185278065e-22
907.8921078921079,2.6648759643436863e-22
908.0919080919081,3.0032066473089445e-22
908.2917082917083,3.4112370164514024e-22
908.4915084915085,4.616145113932854e-22
908.6913086913087,5.406271419457487e-22
908.891108891109,5.597300907931684e-22
909.0909090909091,5.740053807665444e-22
909.2907092907093,4.4606538815631875e-22
909.4905094905096,3.973900048649974e-22
909.6903096903097,4.020639658812325e-22
909.8901098901099,4.0903875236522826e-22
910.0899100899102,4.436136627479745e-22
910.2897102897103,3.009037061859679e-22
910.4895104895105,3.065909065377715e-22
910.6893106893107,2.4583360806659177e-22
910.889110889111,2.674560201436444e-22
911.0889110889111,3.098920967437765e-22
911.2887112887113,3.590543522506519e-22
911.4885114885116,5.493076232036896e-22
911.6883116883117,4.220192818629267e-22
911.8881118881119,3.696838215993495e-22
912.0879120879122,2.8201399452893603e-22
912.2877122877123,2.7564509014923013e-22
912.4875124875125,4.765015051918994e-22
912.6873126873127,5.4158214709866775e-22
912.887112887113,5.14847673234761e-22
913.0869130869131,6.085359250362797e-22
913.2867132867133,7.369965051837635e-22
913.4865134865136,8.508163331673482e-22
913.6863136863137,5.817444487609498e-22
913.8861138861139,4.971001528857917e-22
914.0859140859142,6.577858478543754e-22
914.2857142857143,5.523245844898585e-22
914.4855144855145,4.695970255060762e-22
914.6853146853147,5.091111035025531e-22
914.885114885115,3.641612932608873e-22
915.0849150849151,2.4081380884384213e-22
915.2847152847153,3.275088548158314e-22
915.4845154845156,2.837479897304125e-22
915.6843156843157,1.680078738258843e-22
915.8841158841159,1.7671673411725405e-22
916.0839160839162,1.8149252704185276e-22
916.2837162837163,1.774994474946269e-22
916.4835164835165,1.8813833662146205e-22
916.6833166833167,2.0011245806459847e-22
916.8831168831169,2.1524403587643004e-22
917.0829170829171,2.566860945436108e-22
917.2827172827173,2.0839412253228825e-22
917.4825174825176,2.629293984857944e-22
917.6823176823177,4.436421628950445e-22
917.8821178821179,4.458702043825071e-22
918.0819180819182,3.2812927232142105e-22
918.2817182817183,3.1089332530986954e-22
918.4815184815185,3.522485350899202e-22
918.6813186813187,2.247787849887335e-22
918.8811188811189,1.8465847154968485e-22
919.0809190809191,2.123787525795513e-22
919.2807192807193,2.9619927081362605e-22
919.4805194805195,4.599219922310387e-22
919.6803196803197,3.81390068201805e-22
919.8801198801199,4.38549522413993e-22
920.0799200799202,4.150082993925095e-22
920.2797202797203,3.6101038384783114e-22
920.4795204795205,3.1105946632882753e-22
920.6793206793207,3.9193745038534347e-22
920.8791208791209,5.285727146917148e-22
921.0789210789211,7.186929779706393e-22
921.2787212787213,6.519771629492869e-22
921.4785214785215,5.748242081609877e-22
921.6783216783217,7.643612923430319e-22
921.8781218781219,7.95675269721795e-22
922.0779220779222,5.867535298400795e-22
922.2777222777223,4.90895684128986e-22
922.4775224775225,4.285381307061686e-22
922.6773226773228,6.13940299351494e-22
922.8771228771229,5.335347102923606e-22
923.0769230769231,4.510414106128922e-22
923.2767232767233,4.541365861472135e-22
923.4765234765235,5.528870504525636e-22
923.6763236763237,6.433101544432731e-22
923.8761238761239,4.655805292896659e-22
924.0759240759241,5.222095899677005e-22
924.2757242757243,4.342119729772686e-22
924.4755244755245,3.3186941729436016e-22
924.6753246753248,2.6979848357874655e-22
924.8751248751249,3.722622278738641e-22
925.0749250749251,3.478187771735014e-22
925.2747252747253,3.5022825021129076e-22
925.4745254745255,4.437798252471799e-22
925.6743256743257,3.7168906396024115e-22
925.8741258741259,3.3798374011434684e-22
926.0739260739261,3.9148652221147543e-22
926.2737262737263,3.46294374373043e-22
926.4735264735265,3.7020994852606467e-22
926.6733266733268,4.263387067570548e-22
926.8731268731269,5.699578742171693e-22
927.0729270729271,6.512435447690689e-22
927.2727272727273,4.971548453969934e-22
927.4725274725275,6.55404638489718e-22
927.6723276723277,7.241438564717942e-22
927.8721278721279,6.030475192430624e-22
928.0719280719281,6.933356526638448e-22
928.2717282717283,8.293782536923736e-22
928.4715284715285,8.92765990548304e-22
928.6713286713288,8.43362506661469e-22
928.8711288711289,8.138079603319955e-22
929.0709290709291,7.668577938552052e-22
929.2707292707292,6.639970477101456e-22
929.4705294705295,7.019538831012462e-22
929.6703296703297,5.883361740928775e-22
929.8701298701299,1.2031620217593258e-21
930.0699300699301,8.748324582148214e-22
930.2697302697303,5.665965988744434e-22
930.4695304695305,5.147910976031374e-22
930.6693306693307,6.200414030198104e-22
930.8691308691309,9.404022964984913e-22
931.0689310689311,1.076372582689042e-21
931.2687312687312,5.035929887134898e-22
931.4685314685315,8.616695703213324e-22
931.6683316683317,1.0072579141964355e-21
931.8681318681319,9.324302433368163e-22
932.0679320679321,1.0330149142139513e-21
932.2677322677323,9.40458653912628e-22
932.4675324675325,1.1128924514085093e-21
932.6673326673327,1.1821080027087014e-21
932.8671328671329,1.129428571605121e-21
933.0669330669331,6.860270864319117e-22
933.2667332667334,1.1553198220254804e-21
933.4665334665335,1.4010781801747017e-21
933.6663336663337,8.85876541353427e-22
933.8661338661339,1.0015934873243782e-21
934.0659340659341,9.90238986583304e-22
934.2657342657343,1.3854957927529584e-21
934.4655344655345,1.698653628886812e-21
934.6653346653347,1.8572364323403594e-21
934.8651348651349,1.3447413944682636e-21
935.0649350649351,1.1893078511967288e-21
935.2647352647354,9.45576710062995e-22
935.4645354645355,9.135638339364456e-22
935.6643356643357,1.0065633645507595e-21
935.8641358641358,1.7625656770844483e-21
936.0639360639361,1.6440935499696178e-21
936.2637362637363,1.8769227761371465e-21
936.4635364635365,2.598706739865218e-21
936.6633366633367,2.8935185542581345e-21
936.8631368631369,2.3440131262358192e-21
937.0629370629371,2.261372209175695e-21
937.2627372627373,2.4841252121618415e-21
937.4625374625375,2.1269180175295863e-21
937.6623376623377,1.729804294232903e-21
937.8621378621378,1.306268975746384e-21
938.0619380619381,1.7148930388047216e-21
938.2617382617383,1.7773086599101896e-21
938.4615384615385,1.719201224213429e-21
938.6613386613387,1.8571968470387002e-21
938.8611388611389,1.0958884929618314e-21
939.0609390609391,1.1297986263250996e-21
939.2607392607393,2.71080471939206e-21
939.4605394605395,2.3677753394759817e-21
939.6603396603397,2.2791067354144617e-21
939.8601398601398,1.5686907157301e-21
940.0599400599401,7.213929008363441e-22
940.2597402597403,6.273868200436839e-22
940.4595404595404,5.750508699808091e-22
940.6593406593407,6.8422907261803325e-22
940.8591408591409,6.698592300741269e-22
941.0589410589411,5.393478075285744e-22
941.2587412587413,5.781894030201303e-22
941.4585414585415,4.297890469102259e-22
941.6583416583417,3.5294903360919406e-22
941.8581418581418,4.402521843972508e-22
942.0579420579421,4.0104640517528555e-22
942.2577422577423,5.416246615773746e-22
942.4575424575424,9.932961546686282e-22
942.6573426573427,1.2678447695310262e-21
942.8571428571429,8.517895863914675e-22
943.056943056943,8.003477226004022e-22
943.2567432567433,9.460473419701877e-22
943.4565434565435,2.0946289306691393e-21
943.6563436563437,1.62828192473372e-21
943.856143856144,1.263778068946703e-21
944.0559440559441,1.271502062452972e-21
944.2557442557443,1.7073915443039223e-21
944.4555444555444,2.1159073729688158e-21
944.6553446553447,1.3483114849704953e-21
944.8551448551449,6.595411628286757e-22
945.054945054945,6.158338474275014e-22
945.2547452547453,6.559391148399605e-22
945.4545454545455,6.525047993605006e-22
945.6543456543457,1.0190714385589632e-21
945.8541458541459,8.529086675786321e-22
946.0539460539461,8.99431466525102e-22
946.2537462537463,9.610540406051608e-22
946.4535464535464,1.2755609407107185e-21
946.6533466533467,1.302802397185366e-21
946.8531468531469,1.2597770957989432e-21
947.052947052947,1.3310533436287633e-21
947.2527472527473,1.2114116266311986e-21
947.4525474525475,1.3006577268712975e-21
947.6523476523477,1.7941554543845015e-21
947.8521478521479,2.085558693073454e-21
948.0519480519481,1.639614686444545e-21
948.2517482517483,1.3617215050800383e-21
948.4515484515484,5.912231269878378e-22
948.6513486513487,7.028944337589015e-22
948.8511488511489,8.046528603794187e-22
949.050949050949,5.355565191070402e-22
949.2507492507493,4.09713605248625e-22
949.4505494505495,2.579880480817723e-22
949.6503496503497,2.5735002467524656e-22
949.8501498501499,2.76402614572248e-22
950.0499500499501,2.956800834356499e-22
950.2497502497503,3.2566557943962642e-22
950.4495504495504,3.237074454579665e-22
950.6493506493507,2.881044033476795e-22
950.8491508491509,4.034064558147044e-22
951.048951048951,3.8806263853004064e-22
951.2487512487513,4.429693867660665e-22
951.4485514485515,6.101285742910396e-22
951.6483516483516,8.2491895915433305e-22
951.8481518481519,9.254881654959886e-22
952.0479520479521,6.695269960239298e-22
952.2477522477523,7.303050908323515e-22
952.4475524475524,5.575614956347706e-22
952.6473526473527,4.045490197930443e-22
952.8471528471529,4.224401307756217e-22
953.046953046953,5.685773944922137e-22
953.2467532467533,5.247921955828889e-22
953.4465534465535,5.654891813493811e-22
953.6463536463536,5.970440132463754e-22
953.8461538461539,7.160427996687963e-22
954.0459540459541,7.082113287485887e-22
954.2457542457543,5.702732704304077e-22
954.4455544455544,6.130877302554884e-22
954.6453546453547,7.261413756238315e-22
954.8451548451549,7.761110433937582e-22
955.044955044955,6.776732922243588e-22
955.2447552447553,6.797272045345301e-22
955.4445554445555,4.252624479823906e-22
955.6443556443556,4.676760325309129e-22
955.8441558441559,4.276906249560572e-22
956.0439560439561,3.65704027797087e-22
956.2437562437563,2.307665132399058e-22
956.4435564435565,2.038344187049376e-22
956.6433566433567,3.833196385675088e-22
956.8431568431569,4.6570585661746385e-22
957.042957042957,2.813667212816162e-22
957.2427572427573,3.787800979877298e-22
957.4425574425575,5.315987766107005e-22
957.6423576423576,6.466712629306708e-22
957.8421578421579,1.2201500028608825e-21
958.0419580419581,1.4149951563869608e-21
958.2417582417582,1.4962409487008293e-21
958.4415584415585,1.4024102471596183e-21
958.6413586413587,1.2787629509637545e-21
958.8411588411589,9.885847496089998e-22
959.040959040959,9.06194587431063e-22
959.2407592407593,1.190753315241069e-21
959.4405594405595,8.62950878415388e-22
959.6403596403596,7.420052224038295e-22
959.8401598401599,8.14384153424726e-22
960.0399600399601,1.0642463186239496e-21
960.2397602397602,1.0545260706258803e-21
960.4395604395605,9.067917631007525e-22
960.6393606393607,9.083311494304857e-22
960.8391608391609,8.370500296837726e-22
961.038961038961,5.815465421854268e-22
961.2387612387613,9.623338136848357e-22
961.4385614385615,1.5057374356632197e-21
961.6383616383616,1.5630217932859068e-21
961.8381618381619,1.8365495853241532e-21
962.0379620379621,1.5505734444178309e-21
962.2377622377622,1.6425020550468432e-21
962.4375624375625,1.437300654441244e-21
962.6373626373627,1.7313314627770445e-21
962.8371628371629,2.439073620693131e-21
963.036963036963,2.558769699166124e-21
963.2367632367633,2.2743125021889567e-21
963.4365634365635,2.3026466261635406e-21
963.6363636363636,1.8541533848221317e-21
963.8361638361639,1.3041353999240893e-21
964.0359640359641,1.7499062514180025e-21
964.2357642357642,1.5637153964209078e-21
964.4355644355645,9.654657114540114e-22
964.6353646353647,7.981470386080471e-22
964.8351648351648,6.972130012214424e-22
965.034965034965,7.51708664717201e-22
965.2347652347653,7.200056214362552e-22
965.4345654345655,6.21749822073375e-22
965.6343656343656,5.115568407076055e-22
965.8341658341659,4.832017205741419e-22
966.0339660339661,8.034943174504131e-22
966.2337662337662,6.236452794160991e-22
966.4335664335665,5.280924978503732e-22
966.6333666333667,4.736217508700544e-22
966.8331668331668,3.8304897921329367e-22
967.0329670329671,4.301996290119044e-22
967.2327672327673,3.236446321798336e-22
967.4325674325675,3.037456410602755e-22
967.6323676323676,4.1956051826179144e-22
967.8321678321679,4.443504184039544e-22
968.0319680319681,3.853421457906185e-22
968.2317682317682,4.333742153637614e-22
968.4315684315685,6.393341829001352e-22
968.6313686313687,8.042924495012853e-22
968.8311688311688,7.63099225098747e-22
969.0309690309691,6.818013214977109e-22
969.2307692307693,1.0858100262021742e-21
969.4305694305694,1.3736711127809712e-21
969.6303696303696,1.4048320770727918e-21
969.8301698301699,1.1853086972840533e-21
970.0299700299701,2.278082937514775e-21
970.2297702297702,3.384514463763624e-21
970.4295704295705,4.130731130053975e-21
970.6293706293707,3.481565460907046e-21
970.8291708291708,4.118793616737031e-21
971.0289710289711,4.587145086781922e-21
971.2287712287713,3.3698600512314886e-21
971.4285714285714,3.412809400499976e-21
971.6283716283716,2.761108640574538e-21
971.8281718281719,1.864534499839365e-21
972.027972027972,2.0754915005020725e-21
972.2277722277722,1.0610227925706636e-21
972.4275724275725,8.850984791060657e-22
972.6273726273727,7.795782415439333e-22
972.8271728271728,8.571080804409849e-22
973.0269730269731,9.25492497071608e-22
973.2267732267733,9.676122491208045e-22
973.4265734265734,1.0425368050292533e-21
973.6263736263736,1.4699617074122968e-21
973.8261738261739,1.161286456738759e-21
974.025974025974,1.2951514043271676e-21
974.2257742257742,1.5432177263036541e-21
974.4255744255745,1.3032759918423112e-21
974.6253746253747,1.3784134361208117e-21
974.8251748251748,2.861370977483768e-21
975.0249750249751,4.285806150521587e-21
975.2247752247753,3.0669299503720203e-21
975.4245754245754,2.1367299741286236e-21
975.6243756243756,2.2366312990683217e-21
975.8241758241759,3.7433305835371135e-21
976.023976023976,7.652386825568554e-21
976.2237762237762,6.508862186905047e-21
976.4235764235765,5.179354440282115e-21
976.6233766233767,4.78838080614617e-21
976.8231768231768,7.505851086685936e-21
977.0229770229771,7.244714440225136e-21
977.2227772227773,4.526362094233942e-21
977.4225774225774,7.052148550043572e-21
977.6223776223777,5.259680563120074e-21
977.8221778221779,5.486551949687425e-21
978.021978021978,7.723539683546204e-21
978.2217782217782,8.032364814039871e-21
978.4215784215785,1.1591182639559895e-20
978.6213786213787,1.0638344957182106e-20
978.8211788211788,7.221572188302511e-21
979.0209790209791,7.21092526718142e-21
979.2207792207793,7.17721597518082e-21
979.4205794205794,5.12655364640657e-21
979.6203796203797,4.745421547555433e-21
979.8201798201799,5.039722900773927e-21
980.01998001998,6.499941409330223e-21
980.2197802197802,5.703637468682257e-21
980.4195804195805,2.8208693509656414e-21
980.6193806193806,3.1597588214285064e-21
980.8191808191808,3.4266624145280135e-21
981.0189810189811,2.9219681266328083e-21
981.2187812187813,3.3472585268597534e-21
981.4185814185814,4.002027860278038e-21
981.6183816183817,3.919413084604791e-21
981.8181818181819,2.952109589272466e-21
982.017982017982,2.443063096539571e-21
982.2177822177822,3.207015235829506e-21
982.4175824175825,3.3317333332395863e-21
982.6173826173826,2.868194926864994e-21
982.8171828171828,2.133168513291491e-21
983.0169830169831,1.8728322815759596e-21
983.2167832167833,1.5923083241665243e-21
983.4165834165834,1.5170258361301013e-21
983.6163836163837,1.3051628559109124e-21
983.8161838161839,1.7430393948465968e-21
984.015984015984,1.6019682353900908e-21
984.2157842157842,2.2546507325646522e-21
984.4155844155845,1.788866326095762e-21
984.6153846153846,1.5696797102683727e-21
984.8151848151848,2.5481574933324537e-21
985.0149850149851,3.202539073446568e-21
985.2147852147853,3.206535908976022e-21
985.4145854145854,2.719846546188602e-21
985.6143856143857,2.7931757417770862e-21
985.8141858141859,4.28275498015932e-21
986.013986013986,3.0966760382860608e-21
986.2137862137862,2.3397088624052207e-21
986.4135864135865,3.728865298177262e-21
986.6133866133866,4.3072271926973905e-21
986.8131868131868,3.947367745639146e-21
987.0129870129871,2.9876681591575743e-21
987.2127872127872,2.909244838473433e-21
987.4125874125874,2.567633174191517e-21
987.6123876123877,3.228161774824391e-21
987.8121878121879,3.235419957556419e-21
988.011988011988,1.469573156821874e-21
988.2117882117882,1.64227591142229e-21
988.4115884115885,2.9291270269155452e-21
988.6113886113886,2.641939115409453e-21
988.8111888111888,2.0917084524392464e-21
989.0109890109891,2.3208979704979655e-21
989.2107892107892,3.1827164403380557e-21
989.4105894105894,4.1136961193430865e-21
989.6103896103897,3.1889864256184056e-21
989.8101898101899,3.5211681943762245e-21
990.00999000999,2.8776261933034445e-21
990.2097902097903,3.965885444779069e-21
990.4095904095905,3.605243961717287e-21
990.6093906093906,3.885729356484665e-21
990.8091908091908,4.633499547456135e-21
991.0089910089911,2.3168593667444792e-21
991.2087912087912,3.378594355475124e-21
991.4085914085914,4.325592070974571e-21
991.6083916083917,5.340602211744419e-21
991.8081918081919,5.721513624719766e-21
992.007992007992,5.9380061672238725e-21
992.2077922077923,7.140705936675144e-21
992.4075924075925,8.156579932188065e-21
992.6073926073926,1.2114139391722718e-20
992.8071928071928,1.6547015337277498e-20
993.0069930069931,1.3273759166721161e-20
993.2067932067932,1.3137478568153149e-20
993.4065934065934,1.3033776538325958e-20
993.6063936063937,1.0391144062719105e-20
993.8061938061938,1.1562013522419798e-20
994.005994005994,1.219401447527878e-20
994.2057942057943,1.0102566910720099e-20
994.4055944055945,5.771509635285832e-21
994.6053946053946,4.829381137027488e-21
994.8051948051948,8.995001485413306e-21
995.0049950049951,8.79567834510033e-21
995.2047952047952,8.667628955087673e-21
995.4045954045954,1.226683257958114e-20
995.6043956043957,1.0819867185258231e-20
995.8041958041958,1.4764986867268735e-20
996.003996003996,7.562697345200305e-21
996.2037962037963,7.571194009177778e-21
996.4035964035965,7.983211300880732e-21
996.6033966033966,4.9175269404434444e-21
996.8031968031968,4.3841719688010196e-21
997.0029970029971,3.991034520904076e-21
997.2027972027972,4.696434602091689e-21
997.4025974025974,6.0365577404601014e-21
997.6023976023977,4.127342957811577e-21
997.8021978021978,4.253571993279182e-21
998.001998001998,5.036549576585435e-21
998.2017982017983,5.193810277059491e-21
998.4015984015984,4.602407432787048e-21
998.6013986013986,3.872078912537751e-21
998.8011988011988,3.1232763080996472e-21
999.0009990009991,2.830487147863333e-21
999.2007992007992,2.3102030199763826e-21
999.4005994005994,2.2609567575117846e-21
999.6003996003997,1.8791560199481817e-21
999.8001998001998,1.3137334799253865e-21
